         100  -1.0130069575574736        1.5000000000000013       0.48699304244252772     
         200  -1.0129998311485509        1.5000000000000033       0.48700016885145248     
         300  -1.0228922749170111        1.5000000000000033       0.47710772508299226     
         400  -1.0368353799767962        1.5000000000000007       0.46316462002320447     
         500  -1.0284770418839817        1.5000000000000022       0.47152295811602052     
         600  -1.0425062668745009        1.4999999999999982       0.45749373312549735     
         700  -1.0435469371131596        1.4999999999999976       0.45645306288683796     
         800  -1.0459894678065340        1.4999999999999980       0.45401053219346399     
         900  -1.0502778476371359        1.5000000000000020       0.44972215236286606     
        1000  -1.0200999604763645        1.5000000000000011       0.47990003952363658     
        1100  -1.0198882709328412        1.4999999999999958       0.48011172906715460     
        1200  -1.0269399888883279        1.4999999999999991       0.47306001111167117     
        1300  -1.0199297498656943        1.5000000000000020       0.48007025013430771     
        1400  -1.0372284942184684        1.5000000000000029       0.46277150578153448     
        1500  -1.0474929891767450        1.4999999999999982       0.45250701082325318     
        1600  -1.0167977960506618        1.5000000000000004       0.48320220394933866     
        1700 -0.99922937460866290        1.4999999999999967       0.50077062539133377     
        1800  -1.0210136108262791        1.5000000000000020       0.47898638917372294     
        1900  -1.0088605166437814        1.5000000000000053       0.49113948335622393     
        2000  -1.0048897773601457        1.5000000000000038       0.49511022263985804     
        2100 -0.99331979368111623        1.4999999999999951       0.50668020631887889     
        2200  -1.0273997245967512        1.4999999999999998       0.47260027540324856     
        2300  -1.0297178442228510        1.5000000000000000       0.47028215577714905     
        2400  -1.0219817468863366        1.4999999999999993       0.47801825311366275     
        2500  -1.0100128812858491        1.5000000000000002       0.48998711871415113     
        2600 -0.98423902820573861        1.5000000000000056       0.51576097179426694     
        2700 -0.98324873533468882        1.4999999999999973       0.51675126466530852     
        2800 -0.97712578361975910        1.5000000000000007       0.52287421638024156     
        2900 -0.98538153406227535        1.5000000000000029       0.51461846593772753     
        3000 -0.99857453879864810        1.5000000000000044       0.50142546120135634     
        3100 -0.98802005323876452        1.4999999999999993       0.51197994676123482     
        3200  -1.0128126636620756        1.4999999999999978       0.48718733633792222     
        3300 -0.99105596779867677        1.4999999999999967       0.50894403220131990     
        3400 -0.99739692966862659        1.4999999999999976       0.50260307033137097     
        3500  -1.0111495184065797        1.5000000000000044       0.48885048159342470     
        3600  -1.0257514171782505        1.4999999999999989       0.47424858282174842     
        3700  -1.0231814975814486        1.4999999999999991       0.47681850241855050     
        3800 -0.99214971514255368        1.4999999999999956       0.50785028485744188     
        3900  -1.0019421150772501        1.4999999999999967       0.49805788492274661     
        4000  -1.0047762287096209        1.5000000000000020       0.49522377129038109     
        4100  -1.0049107781582252        1.5000000000000011       0.49508922184177595     
        4200  -1.0084437667998722        1.4999999999999958       0.49155623320012354     
        4300  -1.0250187458656197        1.4999999999999996       0.47498125413437986     
        4400  -1.0020550685079748        1.5000000000000027       0.49794493149202790     
        4500 -0.98767804768627954        1.5000000000000024       0.51232195231372291     
        4600 -0.99708442154840360        1.5000000000000047       0.50291557845160106     
        4700  -1.0133528678482502        1.4999999999999998       0.48664713215174960     
        4800 -0.99687994801607205        1.4999999999999984       0.50312005198392640     
        4900 -0.97413205845056150        1.5000000000000040       0.52586794154944250     
        5000 -0.97961689093913717        1.4999999999999956       0.52038310906085838     
        5100 -0.99699167599457461        1.4999999999999991       0.50300832400542450     
        5200  -1.0013283499757435        1.5000000000000007       0.49867165002425717     
        5300 -0.98705086199715997        1.4999999999999967       0.51294913800283670     
        5400 -0.97289206432895126        1.4999999999999980       0.52710793567104675     
        5500 -0.98993812251919699        1.5000000000000000       0.51006187748080301     
        5600 -0.97417900773552613        1.5000000000000007       0.52582099226447454     
        5700 -0.98204939808571434        1.5000000000000058       0.51795060191429143     
        5800 -0.98019820180712203        1.5000000000000007       0.51980179819287864     
        5900 -0.96980170322792014        1.4999999999999978       0.53019829677207764     
        6000 -0.98570669677738920        1.4999999999999987       0.51429330322260947     
        6100 -0.97523229974619841        1.4999999999999993       0.52476770025380093     
        6200 -0.98122679777730226        1.5000000000000058       0.51877320222270351     
        6300 -0.96407483577263031        1.4999999999999929       0.53592516422736258     
        6400 -0.97672864199722298        1.4999999999999996       0.52327135800277658     
        6500 -0.97551357963059671        1.5000000000000018       0.52448642036940507     
        6600 -0.99841292561514572        1.5000000000000007       0.50158707438485495     
        6700 -0.99876259112245236        1.5000000000000044       0.50123740887755208     
        6800  -1.0054467163918557        1.5000000000000013       0.49455328360814566     
        6900  -1.0182293504094222        1.4999999999999978       0.48177064959057558     
        7000  -1.0076915388727796        1.4999999999999967       0.49230846112721705     
        7100  -1.0099765416462323        1.4999999999999982       0.49002345835376593     
        7200 -0.99049651150240792        1.5000000000000002       0.50950348849759231     
        7300 -0.98356096212846711        1.4999999999999967       0.51643903787152956     
        7400 -0.96494735702880219        1.4999999999999971       0.53505264297119493     
        7500 -0.98993939527820807        1.5000000000000036       0.51006060472179549     
        7600 -0.99851027428598249        1.5000000000000031       0.50148972571402062     
        7700  -1.0324062703704355        1.5000000000000013       0.46759372962956580     
        7800  -1.0104370095960105        1.5000000000000075       0.48956299040399709     
        7900  -1.0155116888516753        1.4999999999999982       0.48448831114832291     
        8000  -1.0455121345907643        1.4999999999999976       0.45448786540923325     
        8100  -1.0439056273282026        1.4999999999999993       0.45609437267179676     
        8200  -1.0390163389133449        1.4999999999999949       0.46098366108665001     
        8300  -1.0400007278125660        1.5000000000000000       0.45999927218743397     
        8400  -1.0573423050543722        1.4999999999999980       0.44265769494562579     
        8500  -1.0425148996969875        1.4999999999999982       0.45748510030301071     
        8600  -1.0072150047338053        1.4999999999999964       0.49278499526619113     
        8700 -0.99143223163713134        1.5000000000000018       0.50856776836287043     
        8800  -1.0001387183222636        1.4999999999999982       0.49986128167773458     
        8900  -1.0160950304054788        1.5000000000000011       0.48390496959452234     
        9000  -1.0250566665429983        1.5000000000000000       0.47494333345700168     
        9100  -1.0208870248456152        1.4999999999999971       0.47911297515438189     
        9200  -1.0226326821293146        1.5000000000000013       0.47736731787068676     
        9300  -1.0051671715196313        1.5000000000000002       0.49483282848036891     
        9400 -0.99946242280165298        1.4999999999999996       0.50053757719834657     
        9500  -1.0092322641196794        1.4999999999999980       0.49076773588031863     
        9600 -0.99993750830353956        1.5000000000000020       0.50006249169646244     
        9700  -1.0171157165030351        1.4999999999999942       0.48288428349695911     
        9800 -0.97100756393653698        1.5000000000000020       0.52899243606346502     
        9900 -0.95381469208832048        1.4999999999999960       0.54618530791167552     
       10000 -0.97340962169189216        1.4999999999999980       0.52659037830810584     
