   3.79999995      -8.14221520E-03  -2.13116966E-02   369.967224       204.245789    
   3.81999993      -8.05618055E-03  -2.09913701E-02   355.359924       199.022888    
   3.83999991       8.03369656E-03  -2.08982620E-02   348.619385       196.863663    
   3.85999990       7.96849560E-03  -2.06722207E-02   337.692108       192.766510    
   3.87999988       7.92498607E-03  -2.05002576E-02   328.819855       189.753433    
   3.89999986      -7.86132365E-03  -2.02893522E-02   319.034332       185.887222    
   3.91999984       7.82494433E-03  -2.01255865E-02   310.700287       183.178970    
   3.93999982      -4.51749249E-04  -1.97520461E-02   296.788605       178.781998    
   3.95999980      -7.69572007E-03  -1.97073705E-02   292.444000       175.671997    
   3.97999978      -7.58763868E-03  -1.93714164E-02   280.124908       170.244629    
   3.99999976      -2.11813417E-03  -1.90030914E-02   267.471039       165.997375    
   4.01999998       7.40560377E-03  -1.87688507E-02   258.225952       160.764755    
   4.03999996       7.30068190E-03  -1.85123719E-02   249.413101       156.414673    
   4.05999994       7.22872885E-03  -1.82265192E-02   239.340851       152.156738    
   4.07999992       6.48664730E-03  -1.81024019E-02   233.880051       150.321503    
   4.09999990       7.05980137E-03  -1.77376103E-02   222.673538       144.558533    
   4.11999989       6.94866478E-03  -1.74857024E-02   214.921463       140.003464    
   4.13999987       1.61720120E-04  -1.71341822E-02   204.779373       135.913284    
   4.15999985       6.41249586E-03  -1.67730507E-02   194.911194       129.362381    
   4.17999983       6.64912490E-03  -1.65508687E-02   187.389648       126.502228    
   4.19999981      -4.62040817E-03  -1.61766652E-02   178.410156       120.846710    
   4.21999979       3.53279896E-03  -1.59294214E-02   170.901993       117.655678    
   4.23999977      -2.73011648E-03  -1.55981928E-02   163.023010       112.724426    
   4.25999975       1.00746355E-03  -1.54068926E-02   157.965958       109.757637    
   4.27999973      -3.70690390E-03  -1.50844324E-02   150.047852       104.586693    
   4.29999971      -2.77374359E-03  -1.46457832E-02   140.985733       97.8084564    
   4.31999969      -1.78788928E-03  -1.44012012E-02   135.084152       94.9434814    
   4.33999968       1.02328858E-03  -1.38905309E-02   125.156082       87.1303482    
   4.35999966      -5.31311998E-05  -1.35441637E-02   118.536301       82.3271179    
   4.37999964      -7.46361562E-04  -1.33187296E-02   112.907372       79.0469971    
   4.39999962      -5.20542264E-04  -1.31368050E-02   109.124939       76.5676270    
   4.41999960       2.23026247E-04  -1.27581814E-02   102.282112       71.1439743    
   4.43999958       4.65941674E-04  -1.24921743E-02   97.5235291       67.4241638    
   4.45999956      -2.31072889E-04  -1.21707981E-02   91.5306091       62.7632713    
   4.47999954       1.68746355E-05  -1.16592422E-02   83.8251724       56.0472641    
   4.49999952       6.28682203E-04  -1.14297606E-02   79.7889938       52.3957138    
   4.51999950      -9.17959187E-05  -1.10640936E-02   74.0614166       47.4977646    
   4.53999949       8.12769649E-05  -1.08582852E-02   70.6140366       45.0388031    
   4.55999947       4.17620991E-04  -1.07726874E-02   69.4136276       44.2500153    
   4.57999945      -5.64781309E-04  -1.05624255E-02   65.7761459       41.7280197    
   4.59999943       2.36029155E-04  -1.04254922E-02   63.3503036       39.9840546    
   4.61999941      -3.60693870E-04  -1.02040470E-02   60.2953873       37.1045914    
   4.63999939      -2.36559761E-04  -9.87303816E-03   55.8470001       32.5917664    
   4.65999937       1.15795912E-04  -9.66374297E-03   52.8891716       29.6067505    
   4.67999935      -3.45830893E-04  -9.57686268E-03   51.8899422       29.1971626    
   4.69999933      -3.73177871E-04  -9.45634954E-03   50.0351181       28.7744312    
