   3.79999995      0.814765334      -2.13501167       251.978027       102.738487    
   3.81999993     -0.809132576      -2.11395669       261.377502       106.836960    
   3.83999991     -0.572417915      -2.09351468       266.104797       9856.23926    
   3.85999990      0.374336720      -2.07073355       278.132477       15221.0635    
   3.87999988      0.791613162      -2.04992223       283.484406       120.546074    
   3.89999986     -0.103216089      -2.02719951       297.209900       18402.2520    
   3.91999984      -1.33100506E-02  -2.00548577       303.501099       18335.9824    
   3.93999982      -7.93141872E-02  -1.98187900       311.972595       17750.4688    
   3.95999980     -0.425122678      -1.95746541       325.795868       12156.1211    
   3.97999978     -0.386224598      -1.93298233       334.615173       12706.8867    
   3.99999976      -6.92335293E-02  -1.90777338       350.957062       16557.9473    
   4.01999998      -7.86573514E-02  -1.88266778       363.804016       16099.0176    
   4.03999996      0.226453170      -1.85692012       375.170013       14368.4648    
   4.05999994     -0.141712695      -1.83184659       387.430573       14872.3945    
   4.07999992      0.166079715      -1.80531907       396.771271       14234.1133    
   4.09999990      -4.41878401E-02  -1.77805960       413.245483       14537.6201    
   4.11999989       4.65384647E-02  -1.74717402       428.997131       14049.7656    
   4.13999987      -2.35907305E-02  -1.71919394       442.070221       13653.6211    
   4.15999985      -3.71486858E-05  -1.68961704       456.898712       13212.6025    
   4.17999983      0.110358678      -1.65990877       473.802643       12403.5059    
   4.19999981       4.92040254E-03  -1.62879646       485.670074       12272.2686    
   4.21999979       9.67803504E-03  -1.59777951       496.417847       11796.9551    
   4.23999977      -1.14173174E-03  -1.56589913       509.483032       11318.0479    
   4.25999975      -8.43045488E-03  -1.53427827       517.454834       10834.1875    
   4.27999973       2.24245023E-02  -1.49680960       535.806946       10265.1514    
   4.29999971      -2.15282384E-02  -1.46250105       531.188354       9765.68848    
   4.31999969      -4.79857158E-03  -1.43309307       533.536072       9338.54590    
   4.33999968       1.79276783E-02  -1.39696109       535.470459       8804.85547    
   4.35999966      -8.13332386E-03  -1.36300945       535.305237       8313.01172    
   4.37999964       6.37445506E-03  -1.33315730       526.002808       7892.88037    
   4.39999962       6.47772569E-04  -1.29872096       518.216614       7395.00000    
   4.41999960       1.16876448E-02  -1.26523483       504.429504       6921.72705    
   4.43999958       7.02104939E-04  -1.23447180       492.187286       6487.12109    
   4.45999956       1.64688341E-02  -1.20596635       474.902985       6089.31836    
   4.47999954      -2.33489089E-02  -1.17502117       456.238647       5657.36670    
   4.49999952      -1.78396492E-03  -1.14811075       435.584198       5307.00098    
   4.51999950      -3.74201150E-03  -1.12027907       416.163025       4927.15381    
   4.53999949       7.59737613E-03  -1.09784448       395.258392       4636.65820    
   4.55999947      -3.09721869E-03  -1.07218015       373.106934       4301.16455    
   4.57999945       2.05721869E-03  -1.05065656       354.269867       4030.22827    
   4.59999943      -3.86223919E-03  -1.03003955       333.239410       3773.10815    
   4.61999941       4.46460629E-03  -1.01109123       313.999664       3539.45410    
   4.63999939      -6.43323641E-04 -0.990045488       294.648926       3283.69312    
   4.65999937       2.80844304E-03 -0.973572731       277.939331       3089.88940    
   4.67999935       4.70239623E-03 -0.956637621       262.068970       2893.12671    
   4.69999933      -3.71909048E-03 -0.940152168       245.911667       2705.15015    
   4.71999931       6.98832097E-03 -0.924214363       229.697754       2526.29541    
   4.73999929      -3.20376083E-03 -0.911019742       217.025421       2391.04663    
   4.75999928       1.10598246E-03 -0.896870613       205.837112       2244.22021    
   4.77999926       3.43090396E-05 -0.883768439       192.184616       2103.31030    
   4.79999924      -3.33352771E-04 -0.872662008       182.517883       1993.17297    
   4.81999922       1.00381335E-03 -0.861757398       173.132111       1894.21411    
   4.83999920      -3.80390650E-03 -0.851284266       164.233109       1799.77271    
   4.85999918       1.24033238E-03 -0.842051685       156.785553       1719.21667    
   4.87999916      -5.06997050E-04 -0.831981421       148.502304       1623.39929    
   4.89999914      -2.79125350E-04 -0.824199378       143.216751       1562.20667    
   4.91999912      -1.27441983E-03 -0.814108968       135.068268       1472.74097    
   4.93999910       2.38787179E-04 -0.806009114       129.473770       1407.43127    
   4.95999908       2.64482223E-03 -0.796877146       122.635300       1335.25244    
   4.97999907      -1.11293292E-03 -0.789980531       118.372322       1286.67163    
   4.99999905      -3.35055403E-04 -0.781963229       112.894104       1224.13123    
