   3.59999990     -0.861765981      -2.32137465       162.393921       73.8064270       87636.6250       7.74777498E+09
   3.61999989      0.857701242      -2.30439520       175.384811       75.9776459       86823.6953       7.61018317E+09
   3.63999987      0.853201628      -2.28615689       181.062073       79.5930634       85932.6641       7.46075136E+09
   3.65999985     -0.848962605      -2.26878166       189.516541       82.0952911       85094.5234       7.32125133E+09
   3.67999983      0.844579756      -2.25089908       197.906235       82.7933960       84225.4688       7.17827840E+09
   3.69999981     -0.840016067      -2.23265648       209.158173       86.3703613       83335.8828       7.03326413E+09
   3.71999979      0.834911942      -2.21274614       218.003021       90.6670074       82348.3438       6.87509760E+09
   3.73999977     -0.830248594      -2.19420838       226.160156       92.1394577       81441.5547       6.73039616E+09
   3.75999975     -0.825120687      -2.17445135       236.850708       96.6298294       80461.6016       6.57710234E+09
   3.77999973     -0.820189655      -2.15560699       245.194565       99.6011124       79520.2734       6.43114138E+09
   3.79999971      0.814884484      -2.13528585       252.211777       101.977806       78510.7656       6.27676314E+09
   3.81999969     -0.809257030      -2.11424947       258.546448       106.215240       77453.7109       6.11706829E+09
   3.83999968      0.803508341      -2.09331250       267.484497       112.394218       76388.8047       5.96067226E+09
   3.85999966     -0.784350872      -2.07215381       277.255829       117.565994       75321.2031       5.80438477E+09
   3.87999964     -0.463072300      -2.04988813       284.240021       121.713928       74186.8672       5.64094054E+09
   3.89999962     -0.784882545      -2.02675605       297.479095       130.056107       72984.5938       5.47291392E+09
   3.91999960     -0.252109349      -2.00429559       306.777344       138.113846       71833.3359       5.31312998E+09
   3.93999958      0.386642069      -1.98267365       312.602722       142.415543       70726.7031       5.16031283E+09
   3.95999956     -0.241232842      -1.95819986       323.705475       153.399246       69448.2422       4.99019418E+09
   3.97999954      -6.48058653E-02  -1.93396962       336.870117       162.158463       68168.0156       4.82345421E+09
   3.99999952      -1.85548458E-02  -1.90989089       346.896576       175.773453       66907.1172       4.66068736E+09
   4.01999950      -7.25152344E-02  -1.88333619       359.652374       190.840744       65497.4922       4.48425267E+09
   4.03999949      -5.97842708E-02  -1.85895681       369.238556       205.503586       64201.5586       4.32346010E+09
   4.05999947     -0.193633571      -1.83166492       384.296844       224.992340       62738.1016       4.14820096E+09
   4.07999945       3.23707312E-02  -1.80566633       396.975983       242.324448       61337.4297       3.98378138E+09
   4.09999943       3.83518264E-02  -1.77744532       416.444946       271.593964       59792.3945       3.80942592E+09
   4.11999941       1.54669071E-02  -1.74853289       429.597412       295.016724       58205.6641       3.63134643E+09
   4.13999939      0.163605347      -1.72002554       442.615479       323.313934       56650.2812       3.46330829E+09
   4.15999937      -9.62939952E-03  -1.69044530       454.141418       355.067841       54989.2031       3.28932326E+09
   4.17999935       1.33944144E-02  -1.66241455       466.092377       383.451752       53454.2734       3.13193395E+09
   4.19999933      -3.81540530E-03  -1.62970757       482.945526       427.776306       51602.1836       2.95192550E+09
   4.21999931      -4.24205028E-02  -1.59359002       499.899445       480.213348       49540.4414       2.75738214E+09
   4.23999929       2.31945291E-02  -1.56199253       517.520935       534.857849       47727.6641       2.59542528E+09
   4.25999928      -3.36349048E-02  -1.52946723       523.664429       572.516052       45866.6914       2.42836480E+09
   4.27999926       5.02900891E-02  -1.49804771       531.230042       619.287659       44073.3086       2.27552154E+09
   4.29999924      -2.98787170E-04  -1.46447301       536.193726       665.646912       42162.6992       2.11683379E+09
   4.31999922       9.19045508E-03  -1.43361211       534.615417       704.746399       40383.3906       1.97358643E+09
   4.33999920       1.00776209E-02  -1.39644396       535.739380       758.532715       38198.9844       1.80685773E+09
   4.35999918      -8.02523643E-03  -1.36168647       530.316956       799.615784       36187.2656       1.65673958E+09
   4.37999916      -1.77841280E-02  -1.33014345       528.430054       841.492493       34358.4844       1.52875942E+09
   4.39999914      -6.40308484E-03  -1.29678798       520.801758       876.970581       32413.8164       1.39703258E+09
   4.41999912      -9.13695060E-03  -1.26736045       505.199005       888.811707       30731.3867       1.28209370E+09
   4.43999910      -6.53412798E-03  -1.23557413       492.847595       913.897278       28866.6250       1.16547443E+09
   4.45999908       1.52119529E-03  -1.20460773       475.954071       926.866150       27107.0117       1.05700250E+09
   4.47999907       9.48605221E-03  -1.17685902       456.818787       931.162109       25502.7656       961331136.    
   4.49999905      -2.98830890E-03  -1.14880490       435.565765       927.002380       23915.1426       868755584.    
   4.51999903      -1.93232647E-03  -1.12342989       416.797119       923.416504       22484.2344       790685504.    
   4.53999901      -8.44601821E-03  -1.09632039       395.337311       911.909973       20967.4922       709135680.    
   4.55999899       6.13341108E-04  -1.07305574       376.082672       897.511475       19658.1094       642102080.    
   4.57999897      -1.30617502E-03  -1.04871917       351.394684       871.807373       18354.6191       574427520.    
   4.59999895       1.34645484E-03  -1.02895522       333.977509       854.075012       17308.4883       524467232.    
   4.61999893       4.45678737E-03  -1.00930727       314.506287       830.516296       16246.0254       475004864.    
   4.63999891      -1.88400585E-03 -0.990399003       293.899658       801.877319       15244.6270       427985312.    
   4.65999889       1.82099710E-03 -0.973414361       279.718750       780.425537       14389.4023       391497280.    
   4.67999887      -4.83014592E-04 -0.954120934       259.462280       750.212585       13387.3867       348761568.    
   4.69999886      -2.90290383E-03 -0.940862477       246.103424       725.400574       12772.3379       322456288.    
   4.71999884      -6.48401165E-03 -0.925754189       231.641953       697.926208       12011.4033       292883584.    
   4.73999882       6.04580808E-03 -0.911787748       218.012665       671.104858       11395.6016       267514704.    
   4.75999880       3.48285714E-04 -0.897364557       204.415848       643.349304       10698.8857       241420720.    
   4.77999878      -4.04467620E-03 -0.885067165       192.513916       616.162048       10166.9766       220934304.    
   4.79999876       1.74884545E-03 -0.873095632       181.962509       591.861938       9605.77441       201454880.    
