   3.59999990     -0.861935735      -2.31819725       948.649780       20.5208340       743007.062       5.54161471E+11
   3.61999989     -0.857646406      -2.30102968       924.918457       112.068375       735963.062       5.43729287E+11
   3.63999987     -0.853398144      -2.28413033       919.046631       192.651108       728989.625       5.33535916E+11
   3.65999985     -0.848844290      -2.26596785       923.176392       241.444687       721420.312       5.22673488E+11
   3.67999983      0.844326556      -2.24821568       932.109619       318.138611       714058.062       5.12106398E+11
   3.69999981     -0.839621842      -2.22935152       966.216309       329.408813       706183.625       5.01007057E+11
   3.71999979     -0.834889293      -2.21062136       1015.36322       354.502716       698358.875       4.90089349E+11
   3.73999977     -0.830098569      -2.19164038       1045.14014       346.022736       690357.750       4.79065145E+11
   3.75999975      0.825208545      -2.17242622       1101.81372       342.087799       682255.438       4.68081639E+11
   3.77999973     -0.820052505      -2.15245891       1102.22290       330.175293       673734.125       4.56636563E+11
   3.79999971      0.815000713      -2.13305378       1130.67883       327.450684       665470.500       4.45688480E+11
   3.81999969     -0.809331417      -2.11186671       1175.23523       331.822662       656284.938       4.33700241E+11
   3.83999968      0.803852677      -2.09150171       1193.27136       337.158234       647473.812       4.22378013E+11
   3.85999966      0.797941983      -2.06985307       1233.55688       361.463776       638106.625       4.10414088E+11
   3.87999964      0.791829824      -2.04787827       1256.94165       367.622467       628420.875       3.98322794E+11
   3.89999962     -0.785557151      -2.02580714       1253.58337       413.221191       618711.562       3.86351399E+11
   3.91999960      0.779169798      -2.00346136       1280.78174       427.981537       608783.250       3.74343238E+11
   3.93999958      0.772531927      -1.98047400       1279.97070       449.555878       598576.812       3.62158391E+11
   3.95999956     -0.765398204      -1.95630419       1292.78931       486.568878       587761.188       3.49445816E+11
   3.97999954     -0.758416355      -1.93288410       1299.92017       509.484985       577223.188       3.37359929E+11
   3.99999952      0.750849783      -1.90826833       1313.31287       538.671936       565930.125       3.24659118E+11
   4.01999950     -0.743138492      -1.88332272       1298.79236       567.117615       554534.625       3.12064508E+11
   4.03999949     -0.735258579      -1.85831285       1317.31909       607.735229       543060.438       2.99659133E+11
   4.05999947      0.726889908      -1.83237576       1333.47729       652.093689       531016.438       2.86973231E+11
   4.07999945      0.718204439      -1.80585337       1351.83923       686.565674       518618.844       2.74201674E+11
   4.09999943     -0.709179163      -1.77907133       1369.94385       745.914734       505993.312       2.61560222E+11
   4.11999941      0.699643373      -1.75105345       1395.20435       792.771667       492767.062       2.48591712E+11
   4.13999939     -0.689554274      -1.72267628       1437.00891       866.757385       479073.438       2.35703730E+11
   4.15999937     -0.261960387      -1.69347310       1469.00464       961.410889       464897.750       2.22703518E+11
   4.17999935     -0.668335617      -1.66472137       1496.57507       1027.05603       450965.625       2.10255856E+11
   4.19999933      0.656329870      -1.63382840       1536.04077       1155.05969       435623.938       1.97140611E+11
   4.21999931     -0.292270392      -1.60183692       1583.15796       1283.02002       419738.812       1.83961092E+11
   4.23999929     -0.164190859      -1.57006264       1642.85046       1455.44690       403714.438       1.71324293E+11
   4.25999928     -0.179981872      -1.53741395       1700.26672       1659.72009       387064.312       1.58754521E+11
   4.27999926       7.27129728E-02  -1.50396991       1741.14612       1837.81433       369891.188       1.46231198E+11
   4.29999924      -2.78149359E-02  -1.46781385       1802.27209       2172.55127       350894.906       1.33294514E+11
   4.31999922       1.45585313E-02  -1.43232632       1858.04138       2532.88525       332102.938       1.21157214E+11
   4.33999920      -3.35249268E-02  -1.39271283       1935.90271       3009.20264       310664.750       1.08297871E+11
   4.35999918       2.64943428E-02  -1.35602093       1959.53711       3374.34131       290831.344       9.68730378E+10
   4.37999916       3.59954196E-03  -1.31712377       1999.86133       3928.64307       269560.281       8.56395448E+10
   4.39999914      -1.38514936E-02  -1.27659118       2000.32361       4357.96973       247254.562       7.43494205E+10
   4.41999912       9.14375763E-03  -1.23897326       1982.89551       4838.12646       226568.109       6.47221043E+10
   4.43999910       9.87180602E-03  -1.19920218       1934.32532       5213.07129       204433.188       5.50034596E+10
   4.45999908       2.00464502E-02  -1.16277409       1858.22229       5510.71094       184468.781       4.68468695E+10
   4.47999907       1.02527197E-02  -1.13046825       1755.54004       5587.74170       167292.156       4.00804536E+10
   4.49999905       3.69656808E-03  -1.09645402       1633.45740       5677.58643       148809.656       3.34219837E+10
   4.51999903       4.49868012E-03  -1.06361747       1498.75989       5607.59570       131163.766       2.74220851E+10
   4.53999901      -3.90776992E-03  -1.03411829       1369.19922       5476.99023       115875.852       2.26412954E+10
   4.55999899       5.91834029E-03  -1.00801575       1222.44397       5199.41699       102401.312       1.85569280E+10
   4.57999897      -2.94296606E-03 -0.988010824       1130.44055       4974.81006       92789.8906       1.59196037E+10
   4.59999895       2.99654016E-03 -0.967193425       1025.48779       4692.04248       83221.0000       1.33443041E+10
   4.61999893      -5.51889418E-03 -0.946010828       911.530457       4310.21045       73589.5078       1.08568893E+10
   4.63999891      -4.72110230E-03 -0.929782152       831.477722       4057.67212       66528.9922       9.22686566E+09
   4.65999889      -8.65257985E-04 -0.914418757       757.290039       3770.57324       60292.6328       7.81506458E+09
   4.67999887      -7.01126002E-04 -0.899878621       696.074158       3504.72266       54704.8281       6.64893082E+09
   4.69999886      -1.22413400E-03 -0.886114419       640.171204       3252.15088       49353.6602       5.61172787E+09
   4.71999884      -1.04454800E-03 -0.874008954       586.689636       3005.78027       45272.1992       4.79022080E+09
   4.73999882       1.54160406E-03 -0.862715960       547.933777       2798.08911       41400.3867       4.12978202E+09
   4.75999880      -2.18776986E-03 -0.853055000       516.590149       2653.51392       39011.0273       3.71269504E+09
   4.77999878       1.75495996E-04 -0.842627287       483.849762       2454.97778       35746.5391       3.18460442E+09
   4.79999876      -5.43457980E-04 -0.833810806       458.433960       2315.27637       33507.4180       2.83701325E+09
