   3.59999990      0.862031341      -2.31750798       822.106567       51.6666679       395098.750       1.56785279E+11
   3.61999989      0.857802510      -2.29971552       849.428528       43.6205139       391205.531       1.53775358E+11
   3.63999987      0.853541732      -2.28227997       855.742859       52.6699867       387364.312       1.50834708E+11
   3.65999985      0.849367082      -2.26492763       868.531555       46.9006157       383566.188       1.47950486E+11
   3.67999983     -0.844837010      -2.24669528       893.674805       61.1413078       379540.781       1.44935895E+11
   3.69999981     -0.840090394      -2.22795916       906.848145       81.1486511       375365.750       1.41828997E+11
   3.71999979     -0.835319936      -2.20944929       939.270569       109.064186       371223.688       1.38791666E+11
   3.73999977     -0.830520868      -2.19074726       945.569763       122.860970       367028.844       1.35750222E+11
   3.75999975      0.825356066      -2.17108536       968.180725       149.185516       362585.250       1.32556644E+11
   3.77999973      0.820123851      -2.15112448       997.015198       168.121704       358084.406       1.29368736E+11
   3.79999971      0.814898193      -2.13151622       1008.98560       182.524689       353601.812       1.26240727E+11
   3.81999969      0.809386849      -2.11100888       1019.19507       199.492813       348912.844       1.22982343E+11
   3.83999968      0.803480625      -2.08937550       1037.66565       222.062195       343940.969       1.19593042E+11
   3.85999966     -0.797805250      -2.06853938       1054.18958       227.606888       339137.156       1.16372054E+11
   3.87999964      0.791756511      -2.04669070       1068.87378       237.967163       334072.188       1.13026695E+11
   3.89999962      0.785307288      -2.02381635       1087.44263       252.964767       328730.219       1.09546373E+11
   3.91999960     -0.778920710      -2.00151873       1088.64172       266.916473       323480.844       1.06183057E+11
   3.93999958     -0.772241652      -1.97833812       1090.62195       278.656433       318026.562       1.02741295E+11
   3.95999956      0.765444934      -1.95525122       1105.23657       302.548950       312572.500       9.93562296E+10
   3.97999954     -0.758607209      -1.93220174       1105.99353       312.806244       307081.250       9.60176128E+10
   3.99999952      0.750997603      -1.90734422       1109.41431       339.054718       301087.531       9.24399862E+10
   4.01999950     -0.743171334      -1.88218260       1115.11804       360.618835       294966.500       8.88688804E+10
   4.03999949      0.735125363      -1.85672629       1114.92615       398.097198       288804.531       8.53515796E+10
   4.05999947     -0.491819084      -1.83027256       1142.59058       440.648163       282268.719       8.17197138E+10
   4.07999945      0.718141496      -1.80460966       1136.73267       468.060730       275988.344       7.82844969E+10
   4.09999943     -0.507879257      -1.77618730       1158.08325       519.169250       268854.500       7.45205023E+10
   4.11999941      0.699609935      -1.75011206       1151.83044       545.471863       262363.312       7.11250412E+10
   4.13999939      0.458203048      -1.72008896       1177.31775       617.934875       254692.578       6.73275085E+10
   4.15999937      0.201101005      -1.69130695       1197.43787       692.589478       247308.297       6.37588070E+10
   4.17999935      0.411357820      -1.66172707       1205.03662       756.982788       239694.484       6.01644646E+10
   4.19999933     -0.160642117      -1.63202381       1232.75269       843.839417       232042.125       5.67175086E+10
   4.21999931      -3.24443057E-02  -1.59997797       1262.23486       951.281250       223611.391       5.30563441E+10
   4.23999929      0.119873054      -1.56732154       1296.82251       1092.81042       214878.234       4.94491484E+10
   4.25999928       6.25397414E-02  -1.53212905       1328.99841       1250.13586       205391.281       4.56734761E+10
   4.27999926       7.18291774E-02  -1.49924433       1357.20825       1406.59338       196420.719       4.22587064E+10
   4.29999924       9.96467564E-03  -1.46373010       1388.96069       1595.31274       186733.609       3.87389112E+10
   4.31999922       3.07489671E-02  -1.42939067       1422.03760       1813.71204       177229.500       3.55046441E+10
   4.33999920       1.58434063E-02  -1.39246058       1427.17175       2025.45044       166885.797       3.20833577E+10
   4.35999918       1.82363428E-02  -1.35359085       1453.88110       2296.80371       155856.906       2.87205540E+10
   4.37999916      -8.10204446E-03  -1.31564224       1456.73096       2557.26001       145160.109       2.56217047E+10
   4.39999914      -1.14095500E-02  -1.27932417       1443.71179       2768.70264       134860.344       2.27720151E+10
   4.41999912      -1.36048682E-02  -1.24021852       1410.71655       2976.39331       123600.922       1.98351217E+10
   4.43999910      -2.50233192E-04  -1.20467269       1371.05908       3138.20630       113574.102       1.73781504E+10
   4.45999908       1.01464363E-02  -1.17007017       1313.91260       3229.29761       103877.352       1.50949765E+10
   4.47999907      -7.66776642E-03  -1.13789129       1246.29492       3283.09912       94923.3906       1.30945403E+10
   4.49999905      -3.28883948E-03  -1.10611534       1163.25659       3276.26123       86091.6484       1.12320072E+10
   4.51999903      -2.05308921E-03  -1.07423055       1085.31018       3288.63379       77115.6250       9.50362214E+09
   4.53999901       1.18919145E-02  -1.04681826       1007.66724       3196.98413       69750.4375       8.11538893E+09
   4.55999899      -1.02817838E-03  -1.02324939       940.587341       3115.10474       63639.0195       7.03867494E+09
   4.57999897       2.51365430E-03 -0.999504030       864.060730       2990.94043       57557.9766       6.00211098E+09
   4.59999895       4.93961619E-04 -0.979295850       796.993530       2843.12061       52616.5625       5.18340710E+09
   4.61999893      -9.97069874E-04 -0.960451066       732.898926       2696.28882       48141.7422       4.48505549E+09
   4.63999891       9.42293613E-04 -0.941594958       677.600830       2555.79346       43649.5312       3.84155469E+09
   4.65999889       2.08159123E-04 -0.925540686       624.308105       2399.58813       40005.6992       3.31428403E+09
   4.67999887       3.54748964E-03 -0.910490394       574.589111       2253.86206       36710.0234       2.87099469E+09
   4.69999886       1.91941019E-03 -0.896193862       534.062622       2125.52246       33762.0391       2.49433088E+09
   4.71999884      -1.46794517E-03 -0.883011878       497.915253       1993.39465       31108.5801       2.17451418E+09
   4.73999882       1.43144024E-03 -0.870658219       465.969849       1879.52808       28811.5586       1.91345011E+09
   4.75999880      -5.97399136E-04 -0.860336483       441.197388       1787.04419       26991.5762       1.71280358E+09
   4.77999878      -2.12937454E-03 -0.849362075       412.340332       1661.69629       24943.8965       1.49100442E+09
   4.79999876       1.75463106E-03 -0.839504898       391.479706       1572.63733       23471.7617       1.33951744E+09
