   3.59999990     -0.861672819      -2.31856227       486.631989       71.1154556       194892.703       3.82557594E+10
   3.61999989      0.857476830      -2.30124331       492.210693       75.9711685       193020.719       3.75353631E+10
   3.63999987     -0.853345215      -2.28408456       508.147430       84.4608536       191200.188       3.68376095E+10
   3.65999985     -0.848835826      -2.26563978       519.769592       87.4402390       189200.625       3.60850432E+10
   3.67999983     -0.844581127      -2.24821687       536.961731       93.0833969       187334.391       3.53898619E+10
   3.69999981      0.839776754      -2.22916198       540.650146       101.997475       185247.891       3.46229350E+10
   3.71999979      0.835226715      -2.21103358       550.650818       108.753365       183277.172       3.39063685E+10
   3.73999977     -0.830210209      -2.19144630       559.754761       121.916786       181138.453       3.31344466E+10
   3.75999975      0.825271368      -2.17224908       577.714844       130.003326       179027.969       3.23868078E+10
   3.77999973     -0.820156753      -2.15257454       584.398987       141.059036       176866.219       3.16277330E+10
   3.79999971      0.814683497      -2.13199520       597.723450       154.189972       174573.312       3.08361544E+10
   3.81999969      0.809173048      -2.11141109       607.842163       165.927704       172275.516       3.00505702E+10
   3.83999968      0.803537369      -2.09068894       612.886292       178.336609       169943.938       2.92663767E+10
   3.85999966      0.797719896      -2.06942296       622.651062       188.852020       167546.141       2.84742615E+10
   3.87999964     -0.791660666      -2.04758763       630.779114       202.951859       165080.078       2.76691579E+10
   3.89999962     -0.785448074      -2.02551627       639.061584       216.838959       162569.828       2.68642796E+10
   3.91999960      0.778913736      -2.00276208       649.729431       229.292908       159943.328       2.60388884E+10
   3.93999958      0.772229493      -1.97969604       653.026001       241.172302       157276.750       2.52139028E+10
   3.95999956     -0.765257478      -1.95619476       659.638672       257.627075       154536.719       2.43861647E+10
   3.97999954     -0.758185387      -1.93255293       674.710876       270.453857       151768.641       2.35657400E+10
   3.99999952     -0.750853360      -1.90856743       681.902527       289.113312       148948.250       2.27430932E+10
   4.01999950      0.743251145      -1.88417590       686.628418       305.834137       146043.641       2.19122033E+10
   4.03999949      0.335593104      -1.85689187       697.082581       329.625671       142787.188       2.10058752E+10
   4.05999947     -0.129508123      -1.83222246       702.763123       347.494659       139814.062       2.01948692E+10
   4.07999945     -0.282916307      -1.80357409       720.174683       379.162903       136324.547       1.92733327E+10
   4.09999943      0.131489754      -1.77786469       734.001526       409.676117       133171.891       1.84663921E+10
   4.11999941      -3.70409302E-02  -1.74985027       735.644714       427.402588       129761.680       1.75939441E+10
   4.13999939      -7.10389987E-02  -1.72104442       758.444824       482.801239       126131.516       1.67253996E+10
   4.15999937      0.161808237      -1.69182527       777.775879       527.542908       122465.844       1.58637435E+10
   4.17999935     -0.227899253      -1.66180742       788.708435       574.891663       118685.484       1.49926881E+10
   4.19999933      -3.62359844E-02  -1.63000989       813.995483       643.913818       114631.258       1.41036278E+10
   4.21999931      -6.56209812E-02  -1.60042417       833.311401       711.193115       110849.695       1.32998625E+10
   4.23999929      -2.02202965E-02  -1.56490409       865.049011       831.749451       106142.180       1.23638600E+10
   4.25999928      -3.69736319E-03  -1.53405535       879.720581       892.671814       102181.742       1.15744532E+10
   4.27999926       1.45897614E-02  -1.49800146       895.766296       1002.07562       97393.8750       1.06760335E+10
   4.29999924       3.18002352E-03  -1.46334624       912.229858       1102.51294       92823.8438       9.85279898E+09
   4.31999922      -1.81662384E-02  -1.42956877       925.142578       1215.46606       88305.8906       9.07843994E+09
   4.33999920       1.49029884E-02  -1.39163077       941.790771       1352.25757       83196.8672       8.25331712E+09
   4.35999918      -1.02943238E-02  -1.35472560       936.974365       1468.79504       78195.4141       7.46866893E+09
   4.37999916      -1.36440275E-02  -1.31810725       933.333557       1584.85510       73208.4688       6.73381069E+09
   4.39999914      -8.51086341E-03  -1.28465283       911.788513       1646.75098       68733.8125       6.08172339E+09
   4.41999912      -1.95877999E-02  -1.25238848       890.813477       1718.94031       64385.5664       5.48839014E+09
   4.43999910      -1.10640898E-02  -1.21460080       867.445557       1801.45288       59244.2148       4.82583808E+09
   4.45999908       2.80407816E-03  -1.18359649       834.716675       1833.82715       55127.5312       4.31367680E+09
   4.47999907       1.52071484E-03  -1.15327573       794.685913       1830.67834       51142.2109       3.82771277E+09
   4.49999905      -1.06784021E-02  -1.12452018       758.671570       1849.19397       47339.3320       3.40266214E+09
   4.51999903       9.97608993E-03  -1.09463274       713.919556       1838.88232       43317.3711       2.96829261E+09
   4.53999901       2.53096083E-03  -1.07019401       668.323853       1790.29712       40212.7070       2.63276211E+09
   4.55999899       4.93140612E-03  -1.04571831       626.234131       1745.60242       37194.4375       2.32350106E+09
   4.57999897       2.35235551E-03  -1.02243257       586.266235       1702.83887       34231.8477       2.04416435E+09
   4.59999895      -7.98367616E-03 -0.998971105       544.651123       1637.37598       31318.6504       1.77849830E+09
   4.61999893       3.29965237E-03 -0.980896413       511.311890       1584.12927       29238.4199       1.59382464E+09
   4.63999891       2.99476553E-04 -0.961401880       471.183624       1503.27820       26860.9082       1.38987290E+09
   4.65999889      -2.46105483E-04 -0.946045935       443.786163       1445.33752       25211.2090       1.25403418E+09
   4.67999887       4.32688650E-03 -0.928459644       408.747498       1371.94836       23204.6035       1.09604467E+09
   4.69999886       5.36265224E-03 -0.912243009       378.663483       1296.07227       21423.9355       960134464.    
   4.71999884       1.25391013E-03 -0.901552379       361.383698       1253.58936       20438.1465       888672576.    
   4.73999882      -8.64613277E-04 -0.887793303       336.293457       1188.15955       19078.2793       789866624.    
   4.75999880       1.26624608E-03 -0.875263274       315.228271       1133.76929       17809.9609       706487552.    
   4.77999878      -1.51070312E-03 -0.863530040       295.623291       1070.82349       16705.3945       631619712.    
   4.79999876       2.99370708E-03 -0.852851391       278.459473       1016.59430       15705.1768       568121984.    
