   6.8812715907845406E-002
   85.237431779475102     
   4.9257362391035819     
  0.13300771290996030     
   7.2165419947727552     
   28.466975744157814     
   8.3928964781521191     
   7.9252679281603200     
  0.66835535598167650     
   121.83946981816509     
   3.8781239428570347     
  0.14728594656967756     
  0.22789614144016979     
   5.6736167923271887E-002
   6.7612730005633101E-002
  0.65504040401745323     
   6.1603512265831661E-002
   4.8810791294743039     
   7.0832775546378794     
  0.24910532976245303     
   6.7873106702063026     
  0.16040634804258208     
  0.20137117557563608     
   4.9413690872612361E-002
  0.28536236136571913     
   3.1998776299606728E-002
   5.8129883132075011E-002
   3.7497288741559262E-002
   74.021554885079922     
   5.0325858835390314     
   4.7411305372815349     
   2.0184642607479795E-002
  0.56904449882483887     
   2.4037127377505185     
   10.209694132283941     
   2.6385036617664546     
   31.850900642386755     
   5.6391511542265080     
   5.8689750402166695E-002
   22.594942761086376     
  0.14341776048590130     
   6.5300725922508115E-002
  0.20822488299588185     
   4.1982854598595880     
  0.18559179882948390     
   1.3559316790952316     
   17.925854264802201     
   3.1662137788611627E-002
  0.62306157438971288     
   1.3008777322109141E-004
   5.8214502906495283E-002
  0.16882641061573089     
   59.310035202985780     
   4.2547106452814933     
   1.9979959817273887E-004
   1.1085071183748090E-002
   24.811522604850349     
   93.432702302888387     
   8.7983354239747805E-002
   2.1472759565560804E-002
  0.12482239359448727     
   2.0910025394785758E-002
   6.1811224234581868E-003
   1.4262384794993936     
   7.5258032326255098     
   1.1151902032203038     
   5.2660352867955097E-003
  0.71059536692998959     
  0.94344639985794188     
   9.2849634938307624     
   1.9109337862427884     
   1.0595865930489816     
   12.529729254370435     
   1.0527181123057363     
   2.9579731737672262E-002
   2.0870287110127719     
  0.31647889097984400     
   5.1886712510516126     
  0.21548796780743210     
  0.60153767570133421     
  0.21425990585457963     
   2.0815704612776008E-003
  0.51486612444956237     
   1.6661521928796746E-002
  0.25995212017405950     
   3.0187380241371461E-002
   5.3196888052533656E-002
   2.8701726884610167E-002
   3.6441835621079131E-002
   2.4265133790253527E-003
   8.6778308762961526E-002
  0.60047906719620170     
   3.1155796321114231     
  0.51177369306709475     
  0.12020398572859528     
   3.3657287956978761E-002
   16.110751851086729     
   6.5094081699554787     
   13.336282841938644     
   5.3914002136431662     
   54.053319767395280     
   2.0507876201730127E-002
  0.19067062299746909     
   1.2702270158441389     
  0.94958577033139868     
  0.14309327813168976     
   28.009153661376949     
   25.236804368449786     
   2.6804522758588127E-002
  0.14057294828967831     
   7.6650430453386198     
   2.4859156048050211     
   30.490577576322092     
   3.3997011091808478     
   8.7777308375224985E-003
  0.16525373932817924     
   1.1688728394497618     
   1.3777933040592176     
   40.027301312718031     
  0.18072700578849021     
   2.0107291318276794     
   9.4072699798116091     
   9.9253127077642375E-002
   13.393364679744705     
  0.10487574273289585     
   5.9727405374453625E-002
   1.6781385493161866E-004
   230.15875870633903     
   2.5965737053915989E-002
  0.21738235474417605     
   2.5755740400588097E-002
   159.08583536888690     
   2.7538991360000797     
  0.26582961019458973     
   5.2425712533066629E-004
   113.81741483469168     
  0.18239952533196027     
  0.58493034077118866     
   3.8933156042808101     
   1.8981737568762369E-002
   8.2805248280437421E-003
   1.9934069434063877     
  0.15644698593234976     
   1.3913437059638767     
   1.1940443046081264E-002
   83.831374002075478     
   2.2404904350888156E-003
   2.9947519955546076     
   76.792500743368436     
   11.444615813373998     
   19.589668156480332     
   1.0179556438655653E-002
  0.39071658857253777     
  0.31034467158947782     
   4.3380686691230769E-003
  0.50150802169648567     
   3.1264310966168956     
   10.330130100196801     
   1.4746493130022889E-002
   14.631898475480613     
   65.314713176801973     
   1.0006794123675701E-002
   1.4578974798434972     
   1.4184015218937063E-003
   1.1360273576494724     
  0.25406297448723175     
   1.6986592853959859E-003
  0.30647651991256464     
   1.0214932156636853     
   3.5331655828475954     
   1.4339232813236107     
   80.678524297724067     
   19.297218640414947     
   13.960900039215741     
   2.1984175784230366E-002
   1.3000269356180669     
  0.13484385630239043     
  0.51213254255688423     
   6.1648484985936678E-003
   7.4061065068161500E-002
   3.1645884996260087E-002
  0.69243878703938910     
   31.803386147112317     
   55.040628917712020     
   1.9550964754368915E-002
   51.122215515317038     
  0.21225205505405917     
   1.5483282746075424     
  0.35165466457921474     
   11.748221430004396     
   4.8880081154246503E-002
  0.68285684265992153     
   1.7172451745074525E-002
   2.5990608123467775     
   1.6630453757304753     
   7.5163857530607794E-002
  0.44195155872452208     
  0.33336339172508517     
   9.4977369994091135E-002
  0.56569464079121312     
   2.7573658441807618     
   1.6128229835697614     
   24.559831132619262     
  0.31913167632098771     
   11.803741617945576     
   7.3887917220535365E-002
  0.20377772075695855     
   3.4200182447160762E-002
   51.889338799119493     
   3.7588605560352946     
   9.6346054193680808E-002
  0.17355820837013883     
   7.6582271438564234E-002
   8.5602482120783516E-002
   2.8508007150403945     
   5.1976937904332110E-002
  0.85876893081429295     
   14.474443701462372     
   1.1728452140333379     
   3.8139678021194370     
  0.36806761098478558     
   4.1016782098294610E-002
   1.9023567151238157     
   9.4948703176344296E-002
   9.5710323243513376     
  0.61705999878630236     
  0.48846469999373338     
  0.35746036213039528     
  0.33497538929095533     
   2.5129392045864549E-002
  0.95865987139632602     
   5.9032642151959931E-003
   2.9465767572108974E-004
   5.6557723059510963     
   8.9867316711490764E-004
   3.4656379148793166E-002
   3.9480493968533477     
  0.81969498059794443     
   2.8485645204922059     
   1.7561678130849512E-002
   2.1812712723909580E-002
   42.672592790397353     
   2.8558155740608663E-002
   2.9521932912239509E-003
   2.3007410902629264     
  0.70061312395527808     
   85.356419528936769     
   4.7792832220551237E-002
   1.5623889099276305     
   4.9811148174157500     
  0.45632912605250670     
   1.2841374215991332E-002
   4.6640913551469207     
   1.1193475911351580     
   1.9410968223802989E-004
   1.7173090753117031     
   7.8483469725764629E-003
   2.3442429950860853E-002
   6.3292922390204676E-002
   2.0465311097589907     
   3.0368469079181944E-002
  0.37964629132352740     
  0.60158103736214186     
  0.99195072085893587     
   1.7900064293510920     
  0.14330437859134179     
   4.3444628885923493E-002
   2.4251421001044213     
   49.127902326628494     
   3.9123174408121672E-002
   92.228442898468785     
   1.7329527094090654E-003
   68.903352386307617     
   2.7124092647419287E-003
   2.3927333070117403     
  0.58562305081098565     
   2.7899809852965660     
   54.605022989144850     
  0.76418842555149458     
   5.6091671360137413E-004
   7.2521837006136519E-003
  0.90868349972167783     
  0.10007041077055576     
   3.7772538935219001E-002
   5.3169558619110366E-002
   2.1207213797055282E-002
   2.1830285668324474E-003
  0.50232645951725263     
   9.0188935974489128E-005
   9.1150962482396944E-002
  0.57807455908300776     
   1.1365660572508705E-002
   7.3534202860001577E-002
   8.7558648109116802E-003
  0.65789742763659231     
   8.1133370529659354E-002
   5.5251400773444420E-004
   9.2292674196194540     
   3.6349837490390079E-002
   1.8879160421000521E-003
   1.0471920513495410     
   24.053938648636461     
   27.142089853958645     
   9.1159109117944794     
  0.14551876275921127     
   5.4002198431386832     
  0.14885391314865026     
   6.0091995566836524E-002
  0.17447011579177013     
   4.8903985984550662     
  0.36638406507693944     
   8.6868494635287269E-004
   6.5515361119530741E-002
   1.2163157854204996E-002
  0.14744523495205375     
  0.59224295829095208     
  0.41445378991029375     
   7.9481403197082426E-002
   4.3744194066572071     
  0.53287042972224885     
   9.2551625086734752     
  0.47828764113505395     
  0.79446443467736749     
   1.0707579690853064     
   4.2009088358009143E-002
   154.21366608259507     
  0.60256400368155416     
   5.7457720954033314E-002
   8.0964958089382222     
   5.7856894199329101E-002
  0.18086069669954682     
   1.0419874303681425     
   4.7225320226188652     
   260.18560598644802     
  0.25828678745036493     
   3.9917189119625301E-002
  0.20104310018428243     
   1.1992959793812040E-002
   2.2610564445110577E-002
   6.6625693767495004     
   30.238141758560435     
  0.17072052749958355     
   14.148926187116219     
   6.2667589923908800     
   9.9828201574232913E-003
   4.6138063186348241E-003
  0.26018460793599635     
   2.2590328735072664     
   6.3574947220310755E-003
   207.07086462219820     
  0.24628057442639101     
   5.4255913790424777E-002
   74.425713210758531     
   4.1152859165019109E-002
   2.4241124832909309     
   6.0907414382246536E-004
   2.3957793211305447E-002
   3.4063381609626783E-002
   4.9689490978574851     
   9.9535807358133860E-002
   2.3720039824177892     
   1.6871399296423197     
   3.6082607289206652     
  0.11265356965213477     
   3.8260582098777385     
   1.7831657714621835E-002
   2.9855903886941122     
   5.5999383145640619E-003
  0.16733332713083715     
   9.3524695187973753E-003
   8.7772412646367995E-002
   8.4817239123643112E-002
  0.48066929285281201     
   2.4562783333881614E-003
   51.571067753324456     
   19.333628821260863     
   8.5863517304508530E-002
   2.6603092570110017E-002
  0.11729341229254844     
  0.15098346661399542     
   11.533811723617571     
   8.2583742990142706E-002
   1.4352511346996178E-002
  0.11089641505746520     
  0.11626845124832680     
   5.9250058998267914     
   1.5119938729359720E-002
  0.70815787643494066     
   3.0395798437156469     
   3.1993225166008861     
  0.41815115671292863     
   4.4454065292183493     
  0.15112858744040261     
  0.50932912787794782     
   9.3772921317799417E-003
   3.8722807547447347     
   1.3393038629400948     
   6.1086977162613145     
   1.1185970501558300     
  0.10306758745863297     
   6.4244677254146468E-002
   3.3217318646524684E-002
   2.2925879165417362E-003
  0.76000117428280922     
   3.8281744688914481E-004
   5.4521609838191996     
  0.11906341674943753     
   11.067668122800375     
  0.28187102475656500     
  0.97564846067139110     
   15.133839737142136     
   2.1224319858152093E-002
   3.2483813640106249     
  0.36414983929051042     
   1.3656629810035257     
   1.0631936028803534E-002
  0.11830675037058842     
  0.13225198043350453     
   1.3233977690618166     
  0.42585867576640202     
   5.5342371628236915     
   1.2767825562660433     
   18.607052968037721     
   7.5129085122980751E-003
  0.10799168710218268     
   1.9207334867729213     
   152.53272430268731     
  0.27021433248021715     
   4.3961440853079251E-002
  0.37040168009327495     
   8.6864686550892939E-002
   12.527081936502725     
  0.43116500696191162     
  0.17761810008261633     
  0.24710214233132374     
   2.2255082790169691     
  0.10375401343103133     
   32.031821182340089     
   3.0641791766963172E-002
   1.7931493786446620E-003
   9.4709000067074722     
   2.0117213930013610E-002
   1.6438515566964181E-003
   4.0082964792733149     
   26.984566453931109     
   3.5577261989906399E-002
   4.3322434416552973     
   1.8304743023535793E-002
   1.8221749942405323E-002
  0.25272350464566978     
   7.6588871114799409E-002
   13.071176786677153     
   2.0918120420804417E-002
   5.6116213947013218E-003
   6.9091417005004069E-002
   4.5665026668043132E-002
  0.17252866421371549     
   1.3972412515284979E-004
  0.44932544010933162     
   5.7881743478569945     
   1.2764855354323292     
   1.3579885196199204     
   6.4676221572356300E-003
   3.5464548615692176E-002
   5.8096636042638920E-002
   1.5841353264772842     
   1.1895167651106398E-002
   1.5632181876886901     
   3.6341297764968017     
   49.031605631816447     
   1.2868582173463658E-002
   39.564664904547726     
   7.9513053204464565     
   2.3667499698637719E-002
  0.82333806772084117     
   4.7578515096559793E-003
  0.12522297512565389     
   1.6203504121751522     
   5.3874953101845690E-003
  0.31351564745229105     
   19.550765319595822     
   9.4562458385102507E-002
   15.202034171804110     
   5.0126507929698957E-002
   5.7064966145130027     
   181.03175302293425     
   2.7403984454186641     
  0.63657307377824857     
   1.2599916669971112     
   6.8121355146212386     
   9.6231628999363120E-002
   19.100323473452466     
   2.2774464983341112     
   29.038941376238490     
   7.1984099050894673E-002
   18.280536553915681     
  0.55085423532288291     
  0.87587390014921351     
   4.8021888989140384     
  0.13229886687155534     
  0.54804344286301609     
  0.79486351967463409     
   2.9086542446575873E-002
  0.62962241859658929     
   1.3814576002873584     
   6.7306113062617966E-004
  0.19807397669043597     
   6.1169382822998806     
  0.32802062887699679     
   3.1660653228889078E-002
   1.5537538160496005     
   1.9945155053817006E-003
   7.9211371769011121E-002
   3.5477662898935449     
  0.21347565127549184     
   6.3093137004022681E-004
   40.298290835770437     
  0.11952180915791714     
   147.93019353617149     
   9.2510333135752618E-003
  0.17882097227984442     
  0.22072812895351862     
   6.9090728654100556E-002
   1.8135645531171409     
   2.2087900074791576E-002
   104.25685585273629     
   41.955189646032082     
  0.94857714743695287     
  0.94128588995961049     
   6.8999409780431034     
   4.1930006291385123E-002
   124.86407501363591     
  0.58696095300059659     
   39.423044897765010     
  0.10779526461597541     
   1.6653615902693465E-002
   1.7244518987976757E-003
   1.0878492198339467     
   2.5846961679171915E-002
   3.4223201197337492     
  0.36694523169456456     
   7.2127156735231554E-002
   9.3269235821762539E-002
   1.9972675692809161     
  0.13766887878146794     
   7.8004061350103173     
   16.396689959056914     
  0.88280233797251839     
   1.3375874452761227E-002
  0.37064079915606996     
   7.8009408482832336     
   2.7781688043719992E-002
   7.2467967534755937     
   7.2753535957513105     
  0.27252497013931049     
   7.5075136514768106     
   7.8760259234723455E-003
   4.8246247112725673E-003
  0.23633702708211995     
   2.7713094712840646E-004
   8.5541957574793367E-002
   9.0345849181969390E-002
   1.0993900282663462     
  0.65876094963837084     
  0.90577253141936176     
  0.19673326284043879     
   2.0830317825917537     
  0.14289701411436700     
   5.3462895151368383E-003
   225.10567344379766     
   972.60359526155298     
   1.2711769812916648E-003
  0.18882112123049713     
  0.42598247665978572     
   5.5593574702062995E-004
   9.4223639302799728E-002
   5.3884973729246433     
   5.7374825045287938     
   91.864001417766730     
   6.9804301269183938E-002
   2.1496406285913781E-002
   19.212386467145507     
  0.14298030401562245     
   5.0324866995749638     
  0.69994273105483307     
   4.1097053210861620E-003
   1.0528390586462461E-002
   79.751064140176126     
   6.6350570495081460E-002
   5.4407065383436954     
   3.2750931545217243E-002
  0.78156145383598363     
   33.932050858088644     
   1.1386799252835651     
   8.0448239669814001E-002
   1.8941019592882697E-003
   7.9927543335051851E-002
   9.2479838835564640E-002
  0.46489958668325271     
   35.462708182623835     
   2.6871759210488132E-003
  0.17518723810150405     
   8.8406288677911910E-003
   5.3351461984338218E-002
   3.1262066665264445     
   1.4394693889395087     
   9.2122940121338637     
   2.3175911184686835     
   4.8055545732642848     
  0.21428556815096544     
  0.30924517615924008     
   15.313220699699761     
   5.2696213982778989E-003
   1.2495782243500834E-002
   5.6941343907730584     
  0.93809243722911340     
   2.5232619994720283E-002
   5.1630105464499056     
   2.6874784196271140E-003
  0.52597343694702581     
  0.45256200790593409     
   1.6247931491962695E-003
   10.211388624079696     
  0.24228429864416703     
   5.7656210492549880     
  0.56624915670952736     
   1.4867014898169298E-003
  0.13179429835912518     
   55.685011786690971     
   2.6567146808565285     
   5.3429322716298383E-002
  0.18195707359110266     
   3.3576929364008820E-003
  0.21184237690538263     
  0.64993477418409751     
   8.1853273560533787E-003
  0.56208347800452407     
   5.7798823871841307E-002
   49.871325265396052     
   5.3074468169419928     
   7.6538074438917585     
   1.2386449271573265E-002
  0.43629726918445322     
  0.15693236236501765     
   4.9259261871484467E-003
  0.44929863979460699     
   56.039126575533778     
   4.0309978385622884E-002
   11.201883477826080     
   1.6153077323358944     
   10.555241485892502     
   3.1441758634704595E-002
   7.0375844219700641E-004
   8.0650836748889190E-002
   3.2420112247818025E-003
   1.3864496673991531     
   2.3840799623148423     
   1.7485218255939607E-002
  0.37143909915363343     
   2.4531719714179544E-003
   2.8317626665149805E-002
   47.182964100619991     
   1.2458548771743694E-003
   5.9080705473430001E-002
   6.7891072040412723     
   1.4736341853347225E-002
   1.4355224011913801     
   1.2139506645790643     
   41.510684309012824     
   432.62956865846581     
   2.0652951048713702E-002
  0.40367533789125354     
   1.8797594622140680E-003
  0.14522174328133400     
   4.0490193849760416     
  0.10554748876630950     
   566.10605041584381     
  0.54141938528075007     
  0.82496021238984996     
  0.13728398759546581     
   8.4701508738893219E-002
  0.23603227999387813     
   1.4676198776456212E-002
   2.7944518750472703E-002
   26.344415486892423     
   3.3301583501092788E-002
   4.4735267968220936E-002
   6.9585199920140480E-003
  0.16288458115228810     
   4.6836531095038385     
   1.1594511790717963     
   1.7085500918693026E-003
  0.74323619687283549     
   1.7415271988649115     
   2.5477975170353953E-002
  0.36357208013140435     
   20.109909410850062     
   6.5420350278237810E-002
   1.1559814827248616     
   1.0343730510374263     
  0.15745828235605058     
   2.7246237093747596     
   53.789447354943839     
   2.0662651905310478     
  0.69701410572431455     
   11.703929092120182     
  0.81246493411881560     
   3.0829875396391926     
   5.4973799465308323E-002
   1.7756267121565152     
  0.24343971933675193     
  0.14027485971325515     
   1.1683584789343192E-002
  0.47377037669328065     
  0.43283759973991009     
   327.11808755531132     
   1.8601279888996892E-002
   1.0963686074712042E-002
  0.54207060101431803     
   1.3345379642472341     
   7.2326527903864637     
  0.90296828429048770     
   5.2328443379785232E-003
  0.44805498679927752     
   1.0393240391431768     
   7.6168125884911592E-003
   9.4260879733882561     
   1.5103954558986669E-004
   5.4596872018922937     
   5.6475333540542954     
   74.343869330781160     
  0.10037774184026003     
   4.5946484622948702E-002
   8.9101180618368109E-002
  0.44177471509524274     
  0.48975006104104202     
   1.1254381998013682E-003
   129.31491131191527     
   1.5015721890726315     
   90.599574406260189     
   5.1882450374368394E-003
   3.4311874560167363E-002
   554.89150220106740     
   357.51978303662725     
   1.7547191830053415E-002
   6.0500421030957952E-003
   9.9615595260559964E-002
   15.504099405042041     
   5.7819779465771910E-004
   18.255425970588341     
   1.1934511310267570E-002
   3.5962323638269185     
   2.2695324369086460     
  0.57932799902722409     
  0.43197150165584952     
  0.89261551543577389     
   54.726735102196294     
   5.0226783393766423E-003
   2.3770599230144986E-004
  0.60199243969164440     
  0.54394987544468909     
   1.3872893791286345     
   3.3432135738932769     
   1.4178929920016414     
   2.2685427123861849E-003
   1.1892282897483756E-002
   388.56171629801230     
  0.15093943108590957     
   58.826118855494322     
  0.12438769605930579     
  0.29834592987288999     
   8.7189039118445546     
   100.43628906657536     
   2.9779170397570336E-004
  0.27009018430670828     
   37.140242254859331     
   9.8848201516474050E-004
   21.331572873372103     
  0.11214398762065748     
  0.91776791949940328     
  0.48737205746895806     
   6.1706628723524851E-002
   6.9289966441429159E-003
   2.6079206185941600E-002
   2.2439995422443642     
  0.35784947348014245     
   9.5616064259799809E-004
  0.15371510812486042     
   25.383848138556374     
   2.5440668171731895     
  0.54600108566657746     
  0.15230363447223655     
   2.4318539355635188E-002
   9.3851272100411620     
   1.2374413217453895     
   2.4277650336942336E-002
   4.4096214857472686     
   1.0980350400098931E-002
   6.5330204143457526E-002
  0.14696536073722558     
   9.1405687114055958     
   22.008398941779721     
  0.46726698344571749     
  0.60155759036892864     
   2.9338252504512552E-002
   1.8868448921382928E-002
   1.3197139124219239     
  0.15857945527133788     
   85.459961298583593     
   1.3224460016971920     
   1.3895829390602370     
   9.4121467845445039     
  0.70279473941834225     
   2.8304915872273455E-002
   24.726988756084403     
  0.11166649871988753     
   4.3705388496905077E-002
  0.85883338337022874     
  0.13675015053412867     
  0.15355979145054172     
  0.13772726998462700     
   2.2862859777130072E-003
   2.4897101016874932     
   9.1535577598000678E-004
  0.68040202156403162     
   1.1789661720441604     
  0.26831751849715302     
  0.19093097100858336     
  0.13439445691183061     
  0.14935559889822822     
   1.0347287675281680     
   9.6166189862262122E-002
  0.19392325044897210     
   8.6732032524261659E-003
   6.7276029570388198     
  0.12829980472131505     
   6.9506235546411957E-002
  0.41446233856481324     
   1.0243755066360953E-002
  0.11904482542750748     
   111.66832290133127     
   2.2214411297654131     
  0.69786687115874524     
  0.98825682922854796     
   8.0023247309954666     
   33.134690074866398     
   48.164862782544574     
   1.1613946953634795     
   32.247767189344074     
  0.15153760041771860     
  0.42857947698878790     
  0.15379095994606665     
  0.65547471387318379     
  0.16722222454701877     
   6.4101689365941780E-002
  0.10799402388931671     
  0.53468815819300286     
  0.18572823365556704     
   107.75481569106287     
   5.2391165393329864     
   1.1296382122604105     
   3.8555092077498930E-002
   2.4334048494932769E-002
   4.7634133044989035E-002
   11.576312236749052     
   3.6625317330608813     
   4.0087312468022571E-005
   9.8791525336357324     
   1.0547877607212561E-003
   306.22087488513370     
  0.14944977069232551     
   3.3777075920814882E-003
   9.4222692241448747E-002
  0.12865214628843516     
   3.2298682753670334     
   13.123591445535586     
   1.5425904995004649E-002
   13.252233572276010     
  0.28978786673109969     
   30.018712736955507     
   3.8239529017542108E-002
  0.20860437182229599     
   2.7816022898136078E-003
   6.7675517382215717E-003
  0.55575048732361032     
   1.2261881837857227E-002
   1.6471559256871569E-002
   4.3858117043549597E-003
   7.2473354425444073E-002
  0.41859161436131970     
  0.16137264431458989     
   12.891971972943791     
   236.07517649324845     
   8.2407574942030080E-003
   4.9048254042143580E-002
   2.6952737380254950E-002
  0.27122651260845704     
   3.0639966705882250E-003
   1.6672692934093562E-002
   2.0923504735725955     
   2.5213573261219950E-003
  0.41619661722153622     
   1.1780170053231775     
   8.1888455944311850E-002
   1.2744121731208982     
  0.43718966144069227     
   1.1325237754433859     
  0.16670806299476532     
   1.9432744862650782E-002
   5.5614400951292069     
   3.4205568333287468     
  0.94374382175107474     
   1.4454947380587591     
   4.0265673847184560E-002
  0.36712698386088299     
  0.16341977367669852     
  0.19356427161359729     
   3.2638930832004148E-003
  0.89955599467227954     
   6.5524765942899424E-002
   25.894249160621911     
   10.005848117005996     
   2.3727910574320520E-002
   6.3310649610015063E-002
   1.8942097923558880E-002
  0.16176534339267012     
   8.7361663945198416     
   3.5303596815197626     
  0.23435037196798597     
   2.0105347098882436     
   65.228428688888314     
   1.7603621254139726E-002
  0.79652608823398141     
   3.5270874023056134E-002
   8.2911712807088034E-003
   16.171739384305734     
  0.15795888107862141     
   7.5168610347949141     
  0.15592884108703486     
   11.698182190834698     
   9.5745609404532229E-004
   2.5503149640904796     
  0.16205811684356083     
   14.407869940484952     
   2.2926471968515765     
   38.549605338365005     
   5.2769917788377833E-003
   3.7016965271832666E-002
   1.3106018117055166E-002
   4.4689430367532194E-002
   4.0465718672382511     
  0.61221208603417088     
   2.4114434578723181E-002
   5.5954608030846363E-002
   1.0213552694377239     
  0.76587470799234658     
   45.571759940552575     
   2.6911712110790505E-003
  0.12209419013179974     
  0.50946761090303072     
  0.17807194376258995     
  0.13693959536925196     
  0.24941410154716523     
   7.7910178438189946E-003
   2.5147923221693818     
   3.6911096927855769     
  0.13655566912891826     
   14.316702344961985     
   1.1791585187712088     
   2.5560845446336199E-002
   2.4396589114205461E-002
   1.5799897130171856E-002
   101.30546466281872     
   4.6502711880974041E-003
   2.8885844633156778E-002
  0.63431685756646017     
   5.1160042371619889     
   5.4838390810515489E-002
  0.76682067342231408     
   9.1692763806038435     
   8.3243822864258965E-002
  0.51318430669110093     
   20.526600061400764     
   50.114952093936161     
   1.0667181513150967     
  0.13936131962381498     
  0.33490976253332028     
   1.0575447027975532E-002
   5.0872333724155201     
  0.15580177326164640     
   2.5396078976316940     
   3.5938656589475197     
   13.063690643050409     
  0.23495843240882350     
   2.1230918573999268E-003
   4.8247023586235078E-003
   9.2357138392778282     
   1.2593498086049064     
   8.6717061735972850E-002
  0.59659015906924295     
