   24.256754908079625     
   9.2210583431189050     
   2.8431891990087226     
   2.9869646201237647     
   19.763498347788435     
   10.710483109261421     
   41.217374205101557     
   2.9169631005000678     
   4.7128840340067812     
   6.6282493084617444     
   10.156297061143100     
   1.1475131697752889     
   6.4653102537334943     
   12.151059258669843     
   1.5056045927839710     
   5.3870243543891316     
   12.018299103927053     
   9.1320170492176107     
   2.5019464351215257     
   3.0313623265840328     
   13.268579112193805     
   3.2658809353860652     
   2.5517626112774394     
   2.6136621281445080     
   7.7637668229399308     
   16.841392935240279     
   4.7914175175884743     
   21.424195069252292     
   4.6139289910453254     
   7.0419410795614112     
   5.3376335317639292     
   40.218811380270559     
   17.140515424423626     
   6.2138065864265624     
   8.4237379513717041     
   1.9025419692145042     
   8.0561218099152843     
   4.3521542623356710     
   22.105250797307725     
   6.1985966439428033     
   15.926129765088062     
   7.9219111615795237     
   2.5725344855282097     
   17.566408532334599     
   5.0491848783393580     
   29.142222715271711     
  0.88230948968636824     
   3.2608942394413654     
   32.982368764011298     
   3.0402645248673212     
   6.4575806791168242     
   2.6093068892362972     
   31.569700000190267     
   44.423023451834752     
   14.578353166456068     
   1.2958545807278876     
   12.436384296967169     
   2.0648354000969782     
   1.7911599616252185     
   4.8786033861862235     
   3.1348240917360992     
   50.806630117454255     
   3.5099347915087860     
   3.3718478008859729     
   5.1039513367640028     
   14.611479450993601     
   27.955463121331508     
   20.911041998575225     
   1.2147593487800372     
   18.742173761811436     
   8.3384632509187977     
   28.875568587047074     
   3.8869014873047973     
   16.581042441851181     
   6.8696477680585497     
   1.5437046460013173     
   4.3952666529769653     
   2.4478620284522026     
   6.1498974631635903     
   8.6344661770014319     
   3.2853270059834059     
   14.429231966565121     
   3.3013054887449473     
   42.847533025246882     
   2.1361695523994806     
   23.594019683814285     
   2.0486130782429881     
   13.112980079887823     
   10.813091902965180     
   20.247472499039088     
   24.622570201969520     
   4.8300747286625398     
   8.8543857299907884     
   19.128892746229564     
   8.2689961454599441     
   8.4331344817228118     
   1.3655633053609666     
   23.338539275515892     
   10.792613214141536     
  0.95064006185775340     
   22.084528990712307     
   6.0256093209723485     
   2.3648552171758883     
   3.8516725529680125     
   1.6045048842804057     
   27.763345191669696     
   2.1309595508778858     
   10.560674513322938     
   9.7157292780880322     
   1.1732791600646060     
   32.124989683355992     
   2.6479615248731756     
   3.4438300389492125     
  0.79107605689086458     
   2.9040461857574296     
   1.3022297854024141     
   2.4401597091862750     
   6.3192006775621339     
   12.479770411255638     
   10.641200792079315     
   2.6727578603489301     
   3.0325436565428041     
   24.139083250410657     
   9.5732891232057344     
   8.1571603885299986     
   24.569802397847617     
   7.4355799657466317     
   1.7800322173883094     
   17.147690801676937     
   43.478910841188856     
   15.755296563195071     
   24.627874444362359     
   3.3336904559202623     
   2.1142128726846940     
   7.3606874233589528     
   29.069874269342854     
   8.2185384143536098     
   72.361490847594084     
   2.7302180593419392     
   13.927327064650971     
   55.033347221593083     
   3.6253071837803374     
   3.3798890440890994     
   26.946780249725723     
   8.7659951905289510     
   8.8979032897554493     
   2.3462371640466309     
   23.760874401899887     
   13.608523480361407     
   28.759535937934192     
   2.9769266792230495     
   5.1388489847572352     
   4.4486834948996785     
   45.561241789229577     
   4.5645596005215001     
   27.388106062893165     
   37.520541007765573     
  0.75534170246837351     
   2.5448928946520208     
   7.8645521898941846     
   1.5014308045304872     
   55.159106628514053     
   2.1884948843122030     
   3.4974851413908645     
   8.7230988560766676     
   14.383207273533994     
   23.301894115994255     
   4.2084236754774107     
   14.455617866479107     
   8.1406659358980598     
   2.6582724892128904     
   41.687652774675499     
   2.0343203040491469     
   2.2534972132969835     
   12.888994261209795     
   17.311053531834112     
   1.5005901357503573     
   27.913393026635053     
   1.0335526441169489     
   1.8050558864912158     
   11.623278276550629     
   9.6228698069697476     
   7.9268422108210173     
   9.7192637879586314     
   4.7833856576529090     
   3.8201766615059634     
   4.0535230677707705     
   5.9693124045258346     
   25.124440884863947     
   1.0342794807783779     
   1.5029881751399381     
   22.818773388768541     
   2.6450897023560973     
   9.8322358116885127     
   25.303579483817760     
   15.921284577394831     
   5.5063428888592512     
   25.250940559234358     
   68.797110155056700     
   7.7334175081506871     
   2.3343000654494803     
   10.616594547496085     
   1.3795439641744300     
  0.92959981615572640     
   7.5970493800547683     
   7.1984748234194571     
   1.9930215850567754     
   5.3749999300248774     
   2.9509976710008132     
   7.0127160578618906     
   6.8362483781508914     
   15.197511172567022     
   63.241051405615892     
   5.9900549173335182     
   2.6132120278464224     
   8.5963505636224706     
   26.062824303979617     
   5.0457302883188397     
   12.412724190838309     
   1.9570364376704816     
   3.4187566027529961     
   2.2177535183997739     
   4.6712983435462867     
   14.772724708681407     
   4.1982157549275643     
   5.4668067347015139     
   6.2334518287018525     
   29.030258027278848     
   1.7997736276088034     
   3.5357238883225666     
   9.6947078400102349     
   7.0430774682315578     
   4.6431961035688509     
   3.2823070916215773     
   3.0914085586153845     
   24.807375950013199     
   6.6626031534297576     
   7.1140397749792044     
   5.2504326221635624     
   15.124166809044615     
   2.2114866369543376     
   4.7826535293497017     
   12.915983997070551     
   11.500577155444871     
   4.3555812551713542     
   6.3271235800919099     
   14.081571540014277     
   16.137060355111633     
   1.7357742808171619     
   16.553423460554413     
   3.2458927604720378     
   6.9767190353113309     
   15.582898840044496     
   27.038882484730376     
   2.1529695044947239     
   3.1421036503710678     
   1.0655919843778912     
   12.316714697253659     
   74.815786202044819     
   15.005852216712970     
  0.60803750253939537     
   41.383224642718758     
   3.5791606289135807     
   2.0911068744510937     
   39.188469619540584     
   87.763000113663765     
   9.7223468826112942     
  0.97306856088190330     
   3.7380227373417947     
   8.4718207165731823     
   9.6296322642504570     
   19.577686245229511     
   4.7265052788372719     
   19.818252094206922     
   9.7723913569115677     
   16.329011434095751     
   1.6654280522224363     
   12.017905715004670     
   9.1119761305094933     
   1.5614287321233031     
   29.574264281250294     
   1.5924667962124395     
   11.783671414386436     
   6.8282340045559646     
   11.238851717216743     
   3.8150346719166990     
   14.311324880390474     
   34.563174289893844     
   4.8641497861626082     
   1.1565377103403971     
   5.4289833685995470     
   105.83091432302183     
   18.357196683575374     
   3.8746359704555680     
   5.5508896426222352     
   23.045690055542355     
   1.5680249487590874     
   4.3510901176635093     
   7.2153543128865323     
   6.0118287880861887     
   11.738949115458434     
   22.697418270406338     
   1.9005181351615739     
   4.1810687868769909     
   18.405742801493655     
   9.2375889963033746     
   2.3405305670660304     
   98.195437102839037     
   13.450946994973505     
   51.457805287709796     
   7.8301883206619021     
   11.897786459154583     
   20.530270023091351     
   4.3593946036992408     
   8.3384101404824218     
   6.0791795339096772     
   4.8892302967726682     
   9.9317096980320194     
   18.585407368762016     
   1.7087698967884861     
   8.2215763945897855     
   21.876203573504199     
   3.0895285758325550     
   15.447373516388026     
   37.813459716041699     
   3.7424608211326587     
   11.046567328184903     
   4.0420540436632804     
   3.9932493722578428     
  0.69406550566760850     
  0.78743283987927226     
   7.1491149442796331     
   6.4756385127371603     
   9.6210446960745077     
   6.9870903048751938     
   2.4617751218502684     
   19.539042760385779     
   7.2129030663803437     
   1.0672886134346478     
   2.4446761390412801     
   23.604537763641964     
   9.2423906478795548     
   1.6514865871733115     
   5.6033379287950051     
   1.6161829822411315     
   7.5391356083382446     
   4.5592102521276985     
   2.0228139065796067     
   33.933884220311356     
   6.3074273942964103     
   5.7675141605695437     
   9.1604760977667627     
   2.8750291250817455     
   1.8305991825618986     
   1.8669101529002163     
   2.4698635997056169     
   42.612395540095136     
   1.7869375871353457     
   21.847424842577958     
   4.2991791462625066     
   3.2342536800851041     
   1.3087959192290972     
   18.493772228830053     
   4.0027979099887832     
   35.814608799284485     
   8.8656475681195630     
  0.98570472251945151     
   1.2415364462764429     
   8.9325682383051284     
   12.131607541703829     
   19.256721926517073     
   2.7919719930876585     
   6.8001708089874837     
   4.6374122618999642     
   4.1479611570926549     
   19.502265915113348     
   3.0540265689149177     
   15.821773994887744     
   55.815401096859773     
   1.5609413424319944     
   5.6515601979384682     
   7.5152645683497008     
   5.8484274659791549     
   12.593431146995078     
   12.256229642422328     
   39.674639663242772     
   6.8551505609282968     
   5.1620615198828590     
   7.9591025003274884     
   14.989495102591265     
   20.576157402662712     
   9.2283875692328827     
   1.6175844093212610     
   1.8044664691410741     
   25.721979332780869     
   4.5093588067002823     
   6.5597665971904444     
   19.519174957842086     
   1.0479550298525393     
   17.019162817275209     
   4.4188385988908587     
   12.823320415145288     
   13.676028715314944     
   31.558604050966402     
   8.6844870933154450     
   15.243441831754907     
   54.772593647525383     
   11.729976834636412     
   9.2578477361514384     
   4.3319493382697818     
   26.759512200655948     
   2.1208811511181747     
   8.2768252190341318     
   2.9731748621117875     
   6.8493367804659337     
   49.529766730466640     
   27.789531339676888     
   9.0656992895704747     
   5.9930362634848660     
   2.7988623750599890     
   4.7932008793540035     
   2.2495979178749748     
   26.044581081735906     
   2.8607772806920919     
   5.9540283857414380     
   11.900030402263672     
   1.8507219978081351     
   9.2051598134578470     
   10.249277005520307     
   3.9709073321835193     
   7.0751704615190132     
   9.9106717805487392     
   16.905684512827161     
   15.005480618073221     
   13.200786643508239     
   9.8959475710352631     
   41.662876386561173     
   9.5511003043516425     
   54.248964908445721     
   4.6643348263922180     
   6.4773416747917798     
   1.3685052247262213     
   4.2842476192549119     
   1.7972597607834500     
   5.5979141418056564     
   11.172798553055300     
   2.0226594112547631     
   8.0233580097344568     
   8.6301513023685388     
   2.3536282846754228     
   6.7810834662866259     
   6.4438656223191728     
   19.181101421311709     
   10.921036956698924     
   7.6155041453125332     
   3.5470210601186247     
   14.482368819448771     
   27.656890577504651     
   20.042736468325121     
   16.857001992116860     
   21.602093226581161     
   12.143762611096326     
   13.284133739916879     
   29.435330966100118     
   16.547714171516294     
   1.8605203143683036     
   48.189516066838436     
   10.416691918607324     
   3.5873869768478714     
   4.6791300076908353     
   3.9813040579761210     
   7.5834029531369564     
   22.228317401550264     
   11.778156441898386     
   13.189557938650324     
   7.6999175142913048     
   7.6401517408904267     
   3.1128819867808737     
  0.85424391255116505     
   9.2615967057553004     
   34.333622329224347     
   55.074009187479170     
   3.4920306003891031     
   20.071528414862467     
   1.6249507383773087     
   2.4875410232216000     
   18.122287704596236     
   2.9558414789124750     
   7.6257048852831293     
   10.764691848070340     
   15.870454823642055     
   5.8290761521710222     
   2.8115400459200171     
   7.2089180195366875     
   7.9492187799126732     
   3.7785464513732090     
   3.7110431088108005     
   4.6896498033482965     
   6.8536955844223479     
   1.6091054019343398     
   1.4145462956606867     
   29.882440134679900     
   12.301643758543149     
   4.9996636293118355     
  0.55287771706658162     
   7.2164295868491042     
   15.438314169758184     
   12.710687831320453     
   7.7882615590040061     
   19.701250963186769     
   15.789819417030266     
   19.831455764305577     
   7.9538023904237418     
   8.0821827955443837     
   17.313948735184244     
   4.4766504285350237     
   38.196667934556281     
   14.885592479540753     
   2.9562003532464800     
   8.2200637061768429     
   1.9379822633153589     
   6.4356754533607088     
   6.0398480853151417     
   12.606283727357390     
   14.307720437450007     
   22.730136334113713     
   5.2918540485567833     
   2.3550109503595569     
   15.206538894790359     
   5.5454653497273716     
  0.74973802763549746     
   5.2025838058111908     
   32.486371780228225     
   22.172007574475533     
   4.6038300857362033     
   17.688607624451269     
   10.431722830657032     
  0.59124745564649051     
   18.651744853223693     
   15.538687958693217     
   26.824624085747732     
   2.5913000274786713     
   4.1729137237821305     
   7.0724516158580677     
   14.358241630456078     
   33.157940450710150     
   21.767898841289092     
   1.1886794871654076     
   2.8296761047590859     
   8.0997892955754001     
   38.643223945942161     
   18.012673521971038     
   5.2351226810935589     
   5.5071475065189706     
   6.6171244016521049     
   1.4118803319408670     
   20.149215898119177     
   4.1959190598652363     
   2.0458161604085658     
   3.0718245305063561     
   6.0770981953102696     
   4.4889397575877981     
   3.7485156517765517     
   10.343421918506712     
   33.162675278970411     
   5.4863408511501301     
   8.7394160723300853     
   29.909256512752691     
   1.7772552897068621     
   27.905396794796566     
   6.8632709786945219     
   7.4960133237338527     
   11.026936891143986     
   3.0891511438755712     
   8.0605350120720889     
   2.5468536371302086     
   17.698497530023811     
   42.440392552714499     
   34.393531589939272     
   7.9818475997508642     
   53.470409554386308     
   10.461007746437573     
   21.462429606172769     
   1.1508745102069591     
   23.052432990759794     
   11.470263625969380     
   1.0535491890645019     
   41.254167174494242     
  0.99776539706097678     
   3.7289004958293881     
   21.317928381037678     
   10.314818835401034     
   1.8043257718730401     
   20.319689505285993     
   1.6546640277173263     
   2.1987574672026864     
   9.4460027833206119     
   10.618976399339259     
   7.5986249984971694     
   2.7851358170233120     
   2.3900393976227172     
   12.674340039558007     
   22.995005603144090     
   1.5947019012575403     
   15.064910686689887     
   1.6128022874541736     
   2.8727984403312465     
   10.267290863227863     
   6.7736942080841240     
   9.1836285865579335     
   3.5190531398638898     
   8.6019271507180264     
   7.2183224188749380     
   5.4671075881125706     
   14.882850890471834     
   5.9758540434633955     
   1.9214404377951457     
   21.608671598949741     
   3.1166784154783618     
   11.809071657713808     
   2.6909917871081737     
   6.8634826947276171     
   37.754114798042181     
   10.240035943521857     
   1.9046683561728079     
   2.0318139851586192     
   12.328519090538064     
   4.6294607358205440     
   8.3657340519216810     
   2.2567724460308431     
   3.8246135682505953     
   16.674500203117805     
   1.6016522141319698     
   25.981436193349225     
   7.6939288258289000     
   22.918405568469691     
   3.4972634672674658     
   5.4235845443448936     
   2.2883693863749537     
   1.9519207007187973     
   9.3068235631152927     
   6.1725793304167320     
   17.083165705481388     
   5.7728851810065018     
   5.0841710839061243     
   2.1297323293801877     
   2.1401610805993871     
   4.7299714815815701     
   6.4050139399623092     
   2.1473129950254086     
   11.088593721302665     
   4.6983524544665798     
   5.1197787359847640     
   6.1608696289037610     
   1.6759513698526629     
   18.614731788547072     
   13.760495583538557     
   4.5776076023514980     
   8.2397842255175089     
   44.359012202497389     
   5.3150983922140824     
   9.2554282383807838     
   4.6803785582144881     
  0.69053697124551638     
   9.9639504474681750     
   4.4704311813410103     
   2.6336282528166728     
   3.4800038319016213     
   2.6343096491271667     
   23.306968260411086     
   2.7862151728027653     
   5.9785547436826940     
   23.941608630668654     
   4.8508019639959494     
   13.154546096710629     
   8.9886799100992913     
   12.068294365598611     
   21.826284149840919     
   19.462213835720352     
   2.2394603918304758     
   18.909358038789541     
   17.050968471733825     
   8.2835914042431718     
   19.734009097431368     
   3.3311754338831006     
   1.8356361389512179     
   2.6724551689002851     
   18.606596577630011     
   6.4679905658037429     
   7.8070403024104396     
   10.104635670215357     
   14.049124553195840     
  0.50975703435480080     
   9.6439874736990880     
   76.164804885261191     
   3.2154198722611813     
   30.000480005737359     
   1.0556289942745360     
   14.158686532437908     
   8.1827213735571505     
   5.7270288891009997     
   12.379885697764982     
   3.3271715774094810     
   15.784729344018627     
   2.7639571095888322     
   9.9054993619126463     
   1.8803469584536354     
   3.6836073926123349     
   20.840679330047728     
   3.0196423171944740     
  0.89920974443166091     
   15.744146883265065     
   2.7835534964507711     
   22.419920798963041     
   1.4276386939474195     
   12.312954217366023     
   6.1590356735724034     
   4.5543847070525034     
   17.125226280526935     
   3.4681301092917267     
   39.530665627542774     
   4.9969474095081274     
   4.8925836474429092     
   15.177022256309419     
   3.1394359626488884     
   2.2795586497277660     
   4.9510680028945995     
   4.4814813716301485     
   16.012375248415967     
   1.1352445202532775     
   74.647540428837132     
   4.0328843210893925     
   6.5051072288834835     
   4.3588388288456219     
   14.801260587733845     
   1.7685838956817570     
   8.0107130629504741     
   18.411224276016977     
   7.6394950316984493     
   9.3745130701601163     
   2.5304529146813919     
   7.2023020701700471     
   4.8618760988507477     
  0.78869662644308958     
   7.2612309922935205     
   5.1390177444874121     
   9.3683412676071498     
   8.8627563322479990     
   28.145106641588612     
   4.1894293774262703     
   11.136526664468615     
   5.2309630439593402     
   3.0506007401293518     
   17.320907152850261     
   10.371137763632525     
   10.262432740832152     
   11.464714707632817     
   10.252970462674002     
   30.440592927648584     
   6.3666377566109844     
   14.098408374188175     
   2.5825520521566450     
   11.167892408924667     
   20.094913790878515     
   2.9786714409414587     
   13.865614736161117     
   7.2095484767530289     
   17.995121488009801     
   9.8587005228350595     
   4.3941196721087667     
   12.053944365099413     
   7.5869452216979925     
   8.1472075274006741     
   5.7974828202819646     
   13.553389205013444     
   6.3638650107781984     
   4.1277659628986250     
   16.907524752882090     
   21.188765699243152     
   10.786618050509123     
   44.083429651164984     
   18.379719897187989     
   7.5957201158496428     
   3.0643789100456407     
   14.503359616770137     
   11.231359884970116     
   1.7386330081495260     
   2.0841690814835956     
   5.6608954635143665     
   11.111206978543848     
   11.839321543954222     
   2.0126113085802846     
   2.7149302041903955     
   11.454914194647598     
   6.9486615355990624     
   5.4395737682862277     
   7.6830379695059765     
  0.88908866023186395     
   15.198673318590929     
   2.5210488369339998     
   3.1727463388657715     
   2.3734248643744822     
   1.9394426906670867     
   8.2322637078247549     
   3.0691499372693651     
   2.1259986481957163     
   2.9928639401051367     
   7.9786993986889971     
   58.418863343622050     
   7.2465063357259227     
   10.323381102175333     
   51.922405850692122     
   20.799487503935076     
   3.8107047945401109     
   4.3950539772946238     
   52.347463904277738     
   6.6828644354642046     
   1.5555173816968790     
   19.350450742937490     
   44.824957402669824     
   3.5919822827406653     
   6.1857242536323955     
   15.275729956276235     
   19.893989203588824     
   7.1541047199173207     
   1.4835938189115681     
   8.6527854338234977     
  0.48646159640039327     
   11.105651816152504     
   19.026947115925164     
   3.9983358718492883     
   3.7110089001433124     
   6.2207154375247500     
   6.2229535305868984     
   5.5916428131472369     
   3.4612898746014880     
   6.8808055086287423     
   5.1935212701695530     
   39.116168761500212     
   11.549940929283766     
   12.854750767584145     
   6.5758660198747370     
   3.0261544968886294     
   2.5214496772387247     
   3.3363164256673139     
   4.9265082056702232     
   12.887936030212799     
   116.95785459927076     
   5.0775661235199205     
   4.9779537554822992     
   6.3016627690214824     
   9.5028525877540861     
   14.254168845025522     
   1.9287641552634596     
   12.726879472686482     
   27.259923473696663     
   6.1775837623215804     
   3.9534107181260616     
   1.9767849688039303     
   12.417929652235427     
   20.019848235548615     
   9.5297897336627475     
   6.8471043441881925     
   6.1099013808228140     
   11.130183230107896     
   2.4451700970818289     
   20.602129836320000     
   6.9501917899577705     
   2.0848381043289836     
   16.015635728387579     
   13.794035277368316     
   1.6825373293558816     
   1.5904022836491147     
   12.213854113288054     
   13.148315765053667     
   4.3124648084957293     
   2.1545761935981873     
   4.1745546268193214     
  0.90261644695908227     
   56.465391111903905     
   2.1216878971955193     
   14.029919704000276     
   19.802492499227352     
   5.8024103384970545     
   8.4045505636827720     
   30.648812373645239     
   8.8509459033566440     
   2.2060714643109298     
   24.083462965436095     
   17.663364920424794     
   6.0160713532672538     
   1.2700105177625280     
   16.931653189193742     
   2.9419370497542849     
   6.6970029222911274     
   11.700880417085168     
   16.241096788235964     
   3.0849746246252812     
   12.455817025482540     
   33.297384094362336     
   1.0474665704082076     
   2.4607149567135007     
   2.1093907186567353     
   7.6254372827082957     
   39.964460800429073     
   3.6625337358801704     
   8.9733285704943615     
   16.576914205467549     
   7.0340980009400846     
   9.5788736460030748     
  0.25061243974111086     
   9.0669728138835080     
   3.3532375060879298     
   10.160809018521412     
   4.5333994746521507     
   3.0951636604159871     
   4.3433313460716105     
   5.5087050389300138     
   3.2954765865735025     
   9.7161931351253106     
   20.325081944174450     
   1.2757585331875558     
   15.816570620353033     
   18.439500117347180     
   11.801754829379940     
   11.466302190243999     
   9.1482212800202358     
   16.401373353333870     
   5.1779175070344978     
   16.818628613586672     
   2.5209051751174836     
   18.634556326225702     
   1.0583154096176568     
   10.701972278085256     
   4.9913347882833117     
   10.696769519476993     
   8.5089097666519162     
   52.745774001943062     
   9.9050585986227961     
   2.9049714454880862     
   5.5672979261015998     
   6.2504114590433382     
   1.6163954113711723     
   15.503187864362868     
   39.257073543645426     
   3.0397407049348102     
   11.128107977806625     
   4.3443780735900610     
   10.267918946375771     
   14.284268515481838     
   16.434330359271929     
   2.2837942282777832     
   1.0899246325707739     
   14.828370842100341     
   5.3723772619675314     
   12.009271915072301     
   11.000061205443361     
   4.2092752074790329     
   1.3889351871008941     
   1.0344588026836152     
   23.503058576999376     
   8.5979176865530231     
   75.962398177940045     
   15.194331123544092     
   7.0289999851504836     
   5.7710173401806779     
   2.9556374413080619     
   9.7224429180079746     
   12.374047250251182     
   14.130562857281689     
   4.4349062398860202     
   52.972769253603055     
   83.316884539412072     
   11.170294338953502     
   4.7973638289350156     
   11.155885514392736     
   16.453956637516644     
   1.9778321428568482     
   3.4016659874546122     
   1.3172269321254286     
   7.9053750810530437     
   9.6001368320659726     
   2.0840576597090101     
   8.8501645519985654     
   2.3146210716006252     
   15.644478232169144     
   22.400805689302651     
   7.8871405128229002     
   6.1673406777506559     
   5.1262106668341252     
   4.9139407393138903     
   14.717606387178549     
   34.403573662751974     
   3.2999822682014894     
   6.4213990164944050     
   7.2531950661596474     
   5.2122381506637447     
   5.9381205617039265     
   16.721670256880273     
   15.180735638129539     
