   9.6341228593564665     
   10.776869884622657     
   10.000184461661515     
   10.523194136019336     
   11.524380732804829     
   11.537123449092624     
   10.718498712839400     
   10.561713390672082     
   10.602212773301687     
   11.345137634704541     
   9.9872836844649502     
   10.257740235509621     
   10.252105950277228     
   11.088172579370513     
   9.7871923463107677     
   9.8158979153538120     
   9.9367666950348568     
   10.672846118581893     
   10.520749010307506     
   12.916191853184110     
   12.117039473320650     
   9.0360198591167489     
   11.458622154516402     
   11.653905328096300     
   12.414524411061121     
   11.815811136687906     
   10.232484041422259     
   11.246235062773858     
   11.076651564644470     
   10.610880054532160     
   9.8355884784012435     
   10.846615126146297     
   11.051121678434699     
   11.177917784571205     
   10.747534424432507     
   10.717859302919015     
   10.890298882739636     
   11.018265010771302     
   11.375456389038058     
   11.745410876022444     
   11.292139097807054     
   11.074755001953614     
   13.324250355096947     
   10.669654138576947     
   10.954799282951351     
   12.299766746404792     
   9.2794480387742091     
   10.391408484559250     
   10.687425346893342     
   9.9381520561888124     
   10.631549268721495     
   10.689955940266195     
   11.932623840634308     
   10.762440108075104     
   11.483436882113164     
   10.429889753877477     
   10.261843842892780     
   10.884280279987275     
   10.515354958754516     
   12.674099301918284     
   11.457796902629662     
   10.389247216945323     
   11.350480506678718     
   11.216815762524746     
   9.8170156663180652     
   10.077369690992402     
   11.223507286495131     
   10.861890743858773     
   11.086179360417480     
   10.209565382417699     
   10.959400945869501     
   11.545014247478518     
   11.038591107226326     
   10.899039068083759     
   10.176891994328068     
   9.9032854233178629     
   10.035553178409158     
   10.282353498909085     
   11.575640933111499     
   11.133340577694034     
   10.758817688141674     
   10.273987798668468     
   9.4497095121649171     
   10.509709484371763     
   10.058886544328359     
   10.641700666317689     
   12.050110623332289     
   11.433029260940563     
   12.152883889169606     
   10.195211818723928     
   10.696368030158874     
   10.386461030027041     
   11.600957694080115     
   11.650119624264832     
   11.125266941428219     
   11.493078963907472     
   11.576993814989603     
   10.006372415314788     
   10.439228799642096     
   10.696275709032877     
   11.693072845840996     
   10.948449617692797     
   10.653927622413988     
   11.032412456877582     
   10.129565815800543     
   10.690621406411594     
   12.315372111308458     
   10.953864128460447     
   10.904234446414899     
   11.334468651209205     
   10.505835646734452     
   11.049645861139808     
   10.944070737640473     
   9.8130233187697353     
   10.281724557226562     
   11.723368029582705     
   11.627481040975763     
   9.8254060870773259     
   11.066216632827423     
   10.310773368402099     
   11.893656563835320     
   11.626172995809446     
   11.208956975026057     
   10.881710983088979     
   10.949572814316902     
   11.145119766542640     
   11.327703192837788     
   10.066427738829351     
   10.959590715105623     
   10.424714658274345     
   10.022121955812059     
   11.768827090541960     
   11.172337967831771     
   10.612760947803794     
   10.283236926316116     
   9.8964805358561243     
   10.585274290199703     
   10.970272482735963     
   10.838314167090397     
   10.607956317519955     
   10.461540230847277     
   10.919519212634588     
   9.4685782403312224     
   10.902697228597299     
   10.169540633296018     
   10.319528824597970     
   10.835255387508591     
   10.401025086556565     
   11.101665698861780     
   11.297611365450283     
   10.832050017376551     
   11.318269935857561     
   11.048415264374803     
   11.578582833506928     
   9.8289666134373377     
   10.588220920173850     
   10.084250458046672     
   11.801124221241608     
   8.4064189480593612     
   10.250005937146891     
   10.706066021864396     
   11.951050306792379     
   10.537260871190295     
   10.202538308258292     
   11.066650591589694     
   11.224244950569407     
   10.440841043536613     
   11.883077530743661     
   10.829171387251966     
   11.478732503405361     
   11.142402394311285     
   11.087090564503226     
   10.330508462137391     
   10.012658670737062     
   10.873596202846841     
   11.058783457820320     
   10.942970965485225     
   11.360885010661958     
   11.441363894447518     
   10.333393915008376     
   10.399342462437325     
   10.059924261201438     
   10.338930703217823     
   11.816087684759422     
   10.390234597992730     
   10.762004796493889     
   11.651818944618560     
   11.079093786133532     
   10.036431676722923     
   9.9669834042900423     
   11.726093216294379     
   10.427529906290454     
   9.9648980749957357     
   11.782437226349378     
   10.551354694532099     
   10.775347476180432     
   10.085026445872280     
   10.345955160816375     
   10.600512003779402     
   10.643965917290691     
   11.062298106375959     
   10.351207749805113     
   11.131964125162378     
   10.614793468742800     
   10.478938444798253     
   11.779915884327435     
   10.663283690553239     
   10.015405505243978     
   9.8781726047861884     
   11.376498390335280     
   10.924122954400415     
   10.049346680235972     
   12.220172674270508     
   10.888687306600545     
   10.062410794202103     
   11.422335366395394     
   10.780290499732480     
   11.836547303716564     
   10.508411820415258     
   10.483012942543622     
   10.733561994343379     
   11.708766920010701     
   9.2568596400618421     
   10.989125854958250     
   11.536337342338888     
   10.675705367580882     
   10.826319714694520     
   10.210164594313989     
   10.549859227228108     
   11.160674183349798     
   10.659730445683259     
   9.8871840720314328     
   10.564176143893368     
   10.347447868150544     
   10.668211711972051     
   10.979530857735883     
   10.145577997884871     
   9.3132122474078329     
   10.874402101024414     
   10.986653872611512     
   10.729963199612492     
   10.320700174171263     
   10.897247471156200     
   11.609703951209571     
   9.2568720544816152     
   9.6671482654345162     
   10.608115467426133     
   11.340709450366656     
   10.626413477975650     
   10.958275643128713     
   10.958921154894265     
   11.408726289289131     
   11.008027728617925     
   10.796895189099621     
   10.796340191793483     
   10.261613909169293     
   11.178000674312754     
   11.644081178434003     
   10.863302911069839     
   11.002746060697675     
   9.2871239595345489     
   10.544265785506433     
   10.696656048562508     
   9.7174622241156605     
   10.390633421122610     
   11.455056560890441     
   10.677897569361487     
   11.427552088563409     
   11.341225415493783     
   10.930153354797321     
   10.436063129965182     
   10.975195344485643     
   10.936123794413712     
   12.253390975896217     
   11.376250330303515     
   12.410610920035685     
   10.271207915821007     
   11.597961468574452     
   10.562460908883343     
   11.796730064935176     
   10.285129606459446     
   11.637495073335952     
   11.119681179768790     
   11.435840029276157     
   11.863266739886246     
   12.634878121322672     
   10.080228544023345     
   10.927315783199880     
   10.094649101619906     
   10.619002711543352     
   10.299688038472237     
   11.505175895557267     
   9.8662490003861958     
   10.456043298747593     
   10.493456589929583     
   11.843456638939676     
   11.439035850580385     
   10.552760208854208     
   10.503562386220349     
   10.818851644874602     
   11.325010744977433     
   11.578532853785573     
   10.304826531050072     
   11.227631547086640     
   10.575983884171519     
   10.498549517812288     
   11.734464658896664     
   9.7515209016001680     
   11.741997609036327     
   11.553148663112122     
   9.2943189656558367     
   11.759910673014595     
   11.475108701646858     
   10.237956534029131     
   10.832741013554404     
   9.7639962526883863     
   10.025083373203561     
   12.130786497284600     
   10.011905777156707     
   10.464270139700179     
   10.452767930942649     
   10.714777981082760     
   10.732118527361418     
   10.555237168692365     
   11.582215115905024     
   11.970056895193913     
   10.300443222342217     
   11.301437131756037     
   9.9053581483881210     
   11.364016316159537     
   10.039615688376513     
   11.973663257086113     
   11.040891586514892     
   11.620385944680399     
   12.512867975655501     
   10.570380685869846     
   10.338664754675369     
   10.888995965478848     
   11.417263782671450     
   11.165177252244350     
   10.444078235857376     
   11.375577469532473     
   10.584146154595878     
   10.860275227633483     
   11.921403089232527     
   10.163690414752674     
   10.853607605733279     
   10.360511127226472     
   10.821205699936286     
   10.775936224287033     
   12.041106496610423     
   10.668357475546703     
   11.450924393590446     
   11.374755393310787     
   10.483536966347190     
   11.109362116894326     
   10.986165392437359     
   11.186705271633846     
   9.4981790633033913     
   12.204811144696276     
   11.474913080366226     
   10.722730921146589     
   9.6368269901691992     
   10.114428214375025     
   10.682395074767447     
   10.587789414150800     
   9.8505282556646829     
   10.358444290919225     
   10.444309801295532     
   12.026893099576634     
   10.882403443749318     
   10.427502841366961     
   11.712091381628840     
   10.345123901554276     
   10.216829351597168     
   11.223127696553224     
   12.083487716382901     
   11.355909854329751     
   11.668871671210050     
   12.709916955581054     
   10.421590922427402     
   10.800060118643287     
   11.352814085032501     
   9.4703383930633454     
   12.465928660696514     
   10.472934298183796     
   10.564133794937231     
   9.4284519361788419     
   10.598135802591518     
   11.498556456295525     
   11.560221805725540     
   10.399358632211023     
   10.546755440987807     
   10.797684875461131     
   10.600269881225310     
   10.389156424893493     
   10.338221379824613     
   10.788569254756149     
   12.384881764485982     
   9.8104766298845600     
   11.545582315413034     
   9.4471029346099940     
   11.150241121287479     
   9.9676123672007311     
   10.682371192679405     
   11.478371351026370     
   11.198441676151637     
   10.638651288985178     
   10.794490114595428     
   11.244360081432470     
   11.837018946142953     
   11.036700759811206     
   9.7969164574504095     
   12.153869752993224     
   11.171558886361687     
   11.181529562867480     
   11.087862161394339     
   12.005842482375680     
   11.331953259204848     
   9.9602824172879387     
   11.430884770241962     
   10.791320174654215     
   9.7739337349097912     
   10.316427721201091     
   10.610782520653665     
   9.7853628644858563     
   11.032530897862369     
   10.983144162755702     
   11.281395729337467     
   9.3890404424957143     
   10.669003014108208     
   10.036141155917910     
   10.548764736691767     
   10.716311819022012     
   10.238678397829768     
   11.492341728624936     
   10.581388281183866     
   11.361841962283252     
   10.947325550367513     
   10.214571820974808     
   12.070790223158351     
   12.001981600534638     
   11.093265028202792     
   11.151578170838953     
   10.243566705466966     
   10.839756819083789     
   9.8506894360672703     
   11.194706753097403     
   9.3907412783395010     
   10.597394620506808     
   11.242714840982604     
   10.878213582720310     
   9.5812919950922222     
   12.033831070646299     
   11.205698442028947     
   10.777662389517687     
   9.5829701647958139     
   10.482972462592214     
   11.475725038817485     
   11.054296166060050     
   10.865848568509575     
   10.894572798013796     
   10.391865987030409     
   10.638228748737250     
   10.681618154084189     
   11.434679294410131     
   11.242378161973527     
   11.763188342477097     
   13.151936378969843     
   10.650408657738813     
   11.243444887875427     
   9.7264500899688695     
   11.444686685911149     
   9.7827879196477507     
   10.675270447121283     
   10.811592733358205     
   11.380399821448430     
   10.930482196826761     
   11.675413751369192     
   9.9613048498873518     
   10.352275946148575     
   11.376002163562735     
   10.639179874925386     
   11.400624454027088     
   10.973193552375701     
   11.295825851052314     
   11.170463503923443     
   10.487012281817153     
   11.729945368815391     
   11.108037619986471     
   11.768864554864118     
   11.144516107101603     
   11.766295859726240     
   10.551903963317130     
   10.838733031098794     
   12.519489734457792     
   10.887173630959552     
   11.283188904959864     
   11.318600305276652     
   11.733761888572634     
   11.600176642204982     
   10.149648666418534     
   11.765014729133634     
   12.037983788282416     
   10.262829442023067     
   11.560437716077475     
   11.299361898480020     
   10.612003692307509     
   10.685008204955221     
   9.7035610688358940     
   11.682192860987263     
   9.7887186936285406     
   10.305990865508468     
   10.863221207091037     
   9.7795721207934108     
   11.366583713571544     
   11.827179306533548     
   10.263531987638407     
   10.294478953144859     
   10.023317889096139     
   10.442622803824710     
   11.191028908729864     
   12.270664830795633     
   9.9760647900988513     
   11.582437663861414     
   11.323957771422743     
   11.923232475757237     
   10.422171628291750     
   10.663072434009161     
   10.558053651358710     
   10.349296733044927     
   12.412634874092129     
   10.002767339473012     
   10.991714804012746     
   11.227487474498117     
   10.179090677463812     
   10.693466306688054     
   11.099847027953237     
   9.9104719677858775     
   9.6607890225700572     
   11.026383446679635     
   11.339945037834893     
   10.291836592991093     
   9.9674996345051081     
   10.558557392947975     
   10.931585581687669     
   12.008021777823640     
   10.358221588693363     
   10.317653778520357     
   11.041226514820480     
   10.297763556048377     
   10.610901668692318     
   11.760697861966118     
   11.498896836759668     
   10.779927060374018     
   11.873224675275400     
   9.5039568948383550     
   10.018519897464195     
   10.535560502758086     
   10.957214054237854     
   10.254304580943531     
   11.893495585089944     
   10.230562578030751     
   11.291449149035349     
   11.091797251764309     
   10.732417728159394     
   11.474856019497395     
   11.082369882409449     
   9.3539093491261234     
   10.763015653273250     
   10.797999774849441     
   11.035001564870967     
   12.249584426746432     
   12.256292005043109     
   11.042063628547478     
   12.474967189289570     
   10.964331296664637     
   10.948736336008416     
   9.6759584291140630     
   11.537152811927561     
   12.495808338772807     
   11.906763597004540     
   11.321365820110715     
   9.6846603137208973     
   11.733757248564464     
   10.746682111799434     
   10.385977767940329     
   10.551084759563707     
   10.813926016849154     
   11.551633361184329     
   10.408252221880144     
   10.571142192986489     
   10.374180840993617     
   10.149243232100797     
   10.928827072432821     
   10.589108417057910     
   11.602666589639179     
   10.263857145128418     
   11.155278322143847     
   10.309604255273859     
   12.836353025793768     
   11.169134375325283     
   10.390883464036321     
   10.625096066846821     
   11.556629942801601     
   10.558181044766949     
   9.3894907146133075     
   10.630192204351632     
   11.202924580646373     
   9.9909401947603147     
   10.988614311172432     
   10.841546072675829     
   9.5879292718728983     
   11.224042008939762     
   10.593797965448775     
   9.5155318735295644     
   11.507579716303628     
   10.316049051826887     
   10.341047544026198     
   10.770500062739599     
   11.198009254228131     
   10.838743510451458     
   10.218442389300197     
   10.862898285984846     
   10.092679996910565     
   10.247473533698868     
   10.915700915101588     
   10.908112455070672     
   10.401899082186867     
   11.244654387454766     
   12.074198744490081     
   11.380265293960223     
   10.463907198576770     
   10.854069004000603     
   10.999634864210231     
   12.986907599559123     
   13.035673848663178     
   11.309890589295732     
   10.389820534434126     
   11.819999804208152     
   10.885809361437889     
   10.937347939189296     
   10.679439125749466     
   11.097652318267450     
   10.453122440230985     
   10.927343069816850     
   12.252090234233487     
   10.103675548782853     
   10.633914651783446     
   9.8888143299817930     
   11.789772960593270     
   11.574295413277428     
   10.513461212321470     
   10.930731386957328     
   9.0872424912962160     
   10.940215304378059     
   11.335943175548122     
   11.553459773153156     
   10.997499984467034     
   12.066825072440425     
   10.396802445446085     
   10.587119137432744     
   11.452232370406268     
   9.9364678115750475     
   11.764283316976845     
   11.002325116006283     
   11.009986018432802     
   10.132598384491203     
   9.7433565473966883     
   9.8758944446423111     
   10.358111608660199     
   11.319690622735981     
   11.151204574992217     
   11.700031593036332     
   10.413060084151271     
   10.816701686646862     
   10.935649479109840     
   10.729438257806297     
   10.909194579206437     
   11.326170326366597     
   11.014715557252911     
   11.151454326388311     
   10.180751419944215     
   11.462298939703889     
   10.619507017763757     
   11.330833129617856     
   11.655548663637974     
   10.659946190549443     
   11.906158915266740     
   10.263694239697267     
   11.658262716139314     
   10.167506074110259     
   11.304223500248510     
   11.701832097292071     
   10.125638486809358     
   11.214803792868421     
   11.396217040669491     
   11.220160983543435     
   12.506423505358093     
   10.630897167764420     
   10.553854745544598     
   11.027270545717220     
   10.733564997687770     
   11.140668457692078     
   11.951677509821279     
   11.253315481877472     
   10.379319946392915     
   9.7334440660476282     
   11.228046404665495     
   10.132993252907511     
   11.249924326260661     
   10.119201766004700     
   11.421489438455676     
   10.063918995505025     
   10.453280693494559     
   11.266030137237097     
   10.785576703816519     
   12.141894975033562     
   10.749518755888568     
   10.957379382199800     
   11.199533707415508     
   11.510238269496087     
   9.8898113874721396     
   11.706072077063054     
   11.175475776123310     
   10.427223551938162     
   11.259376987715402     
   10.133021739853092     
   11.638273349315009     
   11.774363264721790     
   11.238649315775968     
   10.266403338452747     
   9.6556240013175501     
   9.8312194244693405     
   12.327196119549319     
   9.5582376000303615     
   11.167097054924543     
   11.745749896003110     
   10.939805804659347     
   11.032576716159276     
   10.702440769630174     
   10.533186402491243     
   9.7823047077583585     
   11.026819764991814     
   11.226236010635136     
   11.327440513460958     
   10.294972208993583     
   10.249765468944412     
   11.362139982959819     
   10.977825292120301     
   8.4353259332989250     
   10.364650804959371     
   10.642634440396822     
   10.702982022516426     
   11.340674108032609     
   9.4700404488062375     
   10.859319445717301     
   11.246140075895722     
   11.312885910579924     
   10.196286863229593     
   10.454288242382463     
   9.3861601174491547     
   11.872255079388978     
   11.593603599343904     
   10.543252970875340     
   9.5541007562868820     
   9.0121512181924945     
   10.115253578788840     
   11.102884242400938     
   10.236336518807864     
   9.9827785917365333     
   12.461968258303603     
   10.447415515347734     
   11.170762422742715     
   10.204916703830905     
   10.294985609225151     
   11.465727422826379     
   10.563234177249127     
   11.289320418262180     
   9.8567779424156292     
   11.029938799758526     
   11.089946710724991     
   10.991724028243377     
   12.585749139145626     
   11.551108310787580     
   12.429926972438277     
   11.394720409052741     
   12.017436348282613     
   12.413671424357766     
   9.9893100905636985     
   10.523174512337183     
   10.595611715321322     
   10.163336179229699     
   12.060322337385358     
   11.576490574162136     
   11.960561804122605     
   10.918893120303236     
   11.721808778872518     
   10.906577048914473     
   10.266543518379422     
   11.521846767615383     
   13.007491944177701     
   10.635736171110013     
   11.194820230390560     
   12.938591019342336     
   9.8106782812554556     
   10.937715735378612     
   12.040124256609687     
   10.878046783447655     
   9.9737951819088799     
   10.747978923762057     
   12.078962208163196     
   11.421159221722393     
   11.711857125692823     
   10.494289778620914     
   11.903409949523789     
   9.8103065894754859     
   9.6252399267094262     
   11.629917313357033     
   11.268971372894105     
   10.422495889122185     
   11.007989849109451     
   10.330077101306243     
   11.501075789173523     
   9.8552063166403716     
   10.470701288598541     
   8.8903795572959137     
   11.759404164251110     
   10.917258629829178     
   11.041252617323561     
   10.597438996524753     
   10.560325548004693     
   11.809463082568275     
   10.572327762700221     
   10.100194367464493     
   11.742137343358989     
   10.901804022511628     
   10.507841461245224     
   10.843871023943260     
   11.667547620544980     
   9.4432642306723622     
   10.758383589668263     
   10.627855570954930     
   11.445601572507778     
   11.830111712825397     
   10.928489934753877     
   10.485158669831478     
   10.994719701459712     
   11.435485105957300     
   10.503398502687853     
   9.7698109837274636     
   10.370473472170421     
   9.6070418863848470     
   10.784006016504938     
   11.281946076476382     
   10.579110064968409     
   11.563955533361060     
   9.4725707176520313     
   10.734199156628200     
   9.7808698138617505     
   11.348077299385066     
   11.713735706877472     
   10.319565081457322     
   11.743922513545723     
   10.320975624812968     
   10.960131661378052     
   10.155770309014347     
   11.247199898059826     
   9.8889423949065467     
   10.991956367121015     
   9.8082398383602314     
   11.311737197167279     
   10.194164095421348     
   12.054147864692482     
   9.8418055979668431     
   10.491936895354227     
   11.509347666604208     
   9.7768391939981036     
   10.920638074918996     
   10.936819250854917     
   10.573173644539835     
   11.278688420864061     
   11.568562683323954     
   10.777063783682916     
   9.9912640086537827     
   10.673734289863290     
   9.8976635479099073     
   10.423021609652897     
   12.007394477056993     
   10.753984224158884     
   10.089680583012147     
   11.998544119404464     
   10.154102513591356     
   11.388795684402474     
   10.186989647579432     
   10.420309195716616     
   11.620000332784848     
   9.5174829197552651     
   10.018811764716936     
   10.678718445521030     
   10.109163278262960     
   10.218435599453333     
   10.114412896402662     
   10.642203721866437     
   10.569216989942372     
   10.031059233284331     
   12.126447491982900     
   11.277212760539591     
   11.248152590208713     
   11.871883798987255     
   11.505848601248605     
   12.112288684672386     
   9.9256944469449877     
   10.316259495469863     
   9.8088282918768854     
   10.417666188241382     
   11.554680693433024     
   12.079084702841548     
   11.356152703421545     
   10.744846094697273     
   11.648359154199456     
   10.669413777113144     
   10.668059509571364     
   10.371405641273075     
   11.148718154485005     
   10.497494380630220     
   11.967039199140807     
   10.835177410391317     
   10.014429228705865     
   11.215438270009461     
   10.969068351772943     
   10.712596734189972     
   11.784222109663505     
   12.958261052046669     
   11.403469431304059     
   11.088528715987982     
   11.369165976814688     
   11.594034222746403     
   11.502904762049690     
   10.271000835573577     
   9.7574136286027411     
   10.436977111414436     
   11.002586531186674     
   10.849669080497312     
   11.691707437156921     
   11.155462355830315     
   10.466646696243153     
   11.418630868193887     
   10.659442247308698     
   10.528360579468334     
   12.280400253886189     
   10.699902254709558     
   9.8001498464511663     
   12.316504664805292     
   11.386401948727556     
   10.362451243297979     
   9.5811673533952870     
   9.5616687130486309     
   11.369360917723700     
   11.054186544964963     
   10.858346378582070     
   11.189366523530596     
   10.734471896307287     
   12.232809621630834     
   10.641155241919215     
   10.760603296735546     
   11.189868441302826     
   10.869224299850780     
   11.311451604942055     
   9.7734854198324328     
   10.433372442204019     
   10.039997039161745     
   10.108102927932682     
   10.837791908039186     
   10.104285823425231     
   11.966736280732004     
   10.554240823998212     
   11.298138239806255     
   9.9620459370666943     
   10.826382908935017     
   10.739105637319579     
   11.404815916479587     
   10.608553612448564     
   10.811646050123157     
   10.108527788831159     
   11.047950740524973     
   10.905318907101334     
   10.303795553807049     
   10.346988625339364     
   11.061580107275246     
   11.037969245370974     
   10.998984978232201     
   11.061438821144796     
   11.080171334871114     
   11.320764640997041     
   10.712024423002951     
   12.378985277232342     
   11.362479738810373     
   10.882577471820381     
   10.872392903015925     
