           1   6.7292662616740386E-003
           2  -1.0038728906391851E-003
           3   1.0277557582781524E-002
           4   1.5164043215754437E-002
           5  -2.0153035917289730E-002
           6   9.4753631936582202E-003
           7   2.2090897057885531E-002
           8  -1.4689897097226822E-005
           9  -3.0477086313180218E-003
          10  -9.5075172035248047E-003
          11  -6.2814570717528763E-005
          12  -3.1832427319996377E-003
          13   8.7873236993023275E-003
          14  -1.4328292843603868E-002
          15   1.7883734707616415E-002
          16  -1.4933024188161214E-002
          17  -1.3887334907618749E-002
          18  -6.8884855351604808E-003
          19   3.0149042190563053E-003
          20  -4.0675200333606465E-003
          21  -3.2715077304270888E-002
          22  -3.3810447073582286E-003
          23   1.3500076457967103E-002
          24   3.9883942198289004E-004
          25  -2.6810302519025176E-003
          26   1.6435839034763214E-002
          27  -1.7228147435929510E-002
          28  -3.1391609007772048E-003
          29   6.1977312641088092E-003
          30  -2.4847590874123294E-002
          31   1.2573749961510530E-002
          32   1.3280544200038788E-002
          33   1.6493431062434508E-002
          34   2.6079987231984805E-002
          35   2.3582593992051995E-002
          36   1.5936827976620757E-002
          37  -1.9682450430868834E-002
          38   1.9624271748209084E-002
          39  -1.9838231429393852E-002
          40   1.2900962262379096E-002
          41   1.0195469185848332E-002
          42   1.5610603315168468E-002
          43   9.1673994643559934E-004
          44  -2.4281991619203448E-002
          45  -2.1755904712007942E-002
          46   4.1148286466355845E-003
          47  -2.3329392918519522E-002
          48  -1.4386273011034676E-002
          49  -1.5571189964356736E-002
          50   3.7816726886682043E-003
          51   1.8481734284466301E-002
          52   9.2428158177640784E-003
          53   1.3842564503600656E-002
          54  -3.7254722727678834E-003
          55   1.6364286630165717E-002
          56  -1.7018404564593467E-002
          57   1.5839437198321180E-002
          58  -3.5855649470724327E-004
          59   2.3921318781068932E-002
          60   2.4639496882008088E-002
          61  -8.2993191814708395E-003
          62  -2.3811578375144114E-002
          63  -1.2223909991147851E-002
          64   8.8817127422751562E-003
          65   9.7576329886437350E-003
          66  -2.0439787449993804E-002
          67  -1.0987211996760194E-002
          68  -1.0806906295958159E-002
          69  -7.4942606301405985E-003
          70   8.1537983540861340E-003
          71   1.3924956706462122E-002
          72  -6.0864767784244850E-003
          73   7.9106445567786281E-003
          74  -5.9414341403995121E-003
          75   1.1711461449333563E-002
          76   1.0177913611690837E-002
          77   1.7338166060842930E-002
          78   9.2034884239831413E-003
          79   1.2047891358502580E-002
          80  -9.0074386159741983E-003
          81   7.0535469339362807E-003
          82  -7.7208334585876278E-003
          83  -3.1615539069598651E-002
          84  -4.8789983973895603E-003
          85   4.8825145295037405E-003
          86   1.0739071491692702E-002
          87   1.3405473711880543E-002
          88   5.5924649576739724E-003
          89   2.5595929761631830E-002
          90  -1.6071771648463497E-002
          91   1.9070086407616409E-002
          92  -4.3017517787870855E-003
          93  -1.2469363196282538E-002
          94  -2.9098985885695799E-002
          95   1.1379297582637376E-003
          96   4.5904099784338558E-003
          97  -4.4477217944594173E-002
          98   7.8288631279164085E-003
          99   2.2713134438111713E-002
         100  -8.1376246050422433E-003
