           1  -3.8554657422831237E-004
           2   1.3801224537017086E-002
           3   1.4819317002880646E-003
           4   1.2085567599190664E-002
           5  -2.1831917133747530E-002
           6   1.0251680581566945E-002
           7   1.7920547646413345E-002
           8   7.9894702121280688E-003
           9   5.7048741301564026E-003
          10  -9.2109234552753601E-003
          11  -8.0861032563774027E-003
          12  -6.2974483589677242E-003
          13   4.1191459854855489E-004
          14  -1.1962564055657984E-002
          15   1.4234140375349974E-002
          16  -1.7446238685044406E-002
          17  -7.0458295521122916E-004
          18  -7.3532525932818102E-003
          19   2.2747239747189260E-003
          20  -8.0819449923310947E-003
          21  -1.3931694659669902E-002
          22  -6.8370966016097030E-003
          23  -3.5533870853024475E-004
          24   4.8467700293139742E-003
          25   3.7730304267566011E-003
          26   1.8934691475538497E-002
          27  -1.6016821065173999E-002
          28  -6.7055359774585164E-003
          29   3.0083059955416697E-003
          30  -1.2346382974325720E-002
          31  -7.5888129814122231E-004
          32   3.7567671745026071E-003
          33   6.8505964100427242E-003
          34   7.8459627066816886E-003
          35   5.2090439773758409E-003
          36   8.8950457878706393E-003
          37  -1.4472010542059887E-002
          38  -1.1259610045679296E-003
          39  -1.1642132087616528E-002
          40   1.3595279279153927E-002
          41  -6.9969074995799340E-003
          42   1.6187417408978829E-002
          43  -1.3579857456998506E-002
          44  -3.3088607451712678E-003
          45  -1.1209077593038215E-002
          46   1.6957630319195519E-003
          47   5.9661162065047083E-004
          48  -5.3403706662619671E-003
          49   4.8987356975987890E-003
          50   7.6111392710114774E-003
          51   1.6882501166491246E-002
          52   1.7637451014234733E-003
          53   8.4362210803918900E-003
          54  -3.7459664234478244E-003
          55   1.5042262855005650E-002
          56  -7.9486343408423192E-003
          57   6.9768761367590077E-003
          58   4.5180512715835763E-003
          59   4.5724722015963665E-003
          60   2.7499286610695339E-002
          61  -6.8853641027809779E-003
          62  -2.1995070304162154E-003
          63  -3.8952245909645330E-003
          64   5.2118362751737797E-003
          65   1.5794194539753160E-002
          66  -2.0728578257787249E-003
          67  -1.2171873900701439E-002
          68  -1.9128428984248038E-003
          69  -6.9705946541975391E-003
          70   1.0628485173670314E-002
          71   3.7769041220252252E-003
          72  -2.4921890703660026E-003
          73   9.1561471491873360E-003
          74   5.0099900111213395E-004
          75   1.7244405806000817E-003
          76  -2.0166377210833158E-003
          77   2.2204322026221613E-003
          78   5.4599287566887891E-003
          79   1.8973674562818806E-003
          80  -1.2550175260402969E-002
          81   4.3363365091033954E-003
          82   6.8459132508317177E-004
          83  -1.0669107979767440E-002
          84   2.5554248188351383E-003
          85   9.5060281324715317E-003
          86   1.8696833900930514E-002
          87   9.8053559844717524E-003
          88  -1.7409651439704568E-003
          89   1.0603700516977231E-002
          90  -5.8844299430000002E-003
          91   9.4068727448520083E-003
          92   3.0357818694907103E-003
          93  -1.0312866889207213E-002
          94  -1.6047689828076014E-002
          95  -4.3814427985588251E-003
          96   4.1427624180202204E-003
          97  -3.1278051747551265E-002
          98  -1.2456177070143360E-003
          99   3.3597382413317850E-003
         100  -3.2235391461049260E-003
