           1  -5.1334679523985897E-003
           2   1.6473056764393607E-002
           3   7.5753834144622846E-003
           4  -4.1477089561366539E-004
           5  -8.0277599387086585E-004
           6   7.3642883806184041E-003
           7  -5.8575641407987954E-003
           8   2.5954642869116485E-003
           9   3.2384736307949180E-003
          10  -6.5683565021277734E-003
          11   2.9182715427620697E-002
          12   3.9606662316990010E-003
          13  -2.9427825277062889E-003
          14   1.0645371750202316E-002
          15  -6.1702902369866188E-003
          16   9.4320990067157055E-003
          17  -7.8325288336225055E-004
          18  -1.1340690490393301E-002
          19  -9.6067168353636051E-004
          20  -4.3801760080813346E-003
          21   1.1534327209662295E-002
          22   9.8954872462762560E-003
          23   2.0971529276284607E-003
          24  -8.3963142605229385E-003
          25  -4.4039308825193496E-003
          26  -1.6395059187321202E-003
          27   3.7280960730264878E-003
          28  -3.9536164940226276E-003
          29  -1.0154146175336760E-002
          30   2.3461424619835771E-003
          31   2.2748394757247867E-002
          32   6.6143447353242948E-003
          33   1.5271870297921288E-003
          34   2.5285168275745915E-003
          35  -1.0286833529848357E-002
          36  -6.1340620627842266E-003
          37  -1.9879607307806527E-002
          38  -6.8169600132284673E-003
          39   2.5523624059885430E-003
          40  -8.6701574505630482E-003
          41  -5.0573979153760319E-003
          42  -1.2363694131234148E-003
          43  -1.2359250763985476E-002
          44  -1.0471812413645814E-002
          45   2.0683742151891941E-002
          46  -1.7747298314479597E-002
          47   6.6887885724833092E-003
          48  -1.0536539511932825E-002
          49   3.6322631894654986E-003
          50   6.4890607755128827E-003
          51   2.5958826758707429E-003
          52   6.5645592148321566E-003
          53  -3.4248310425862502E-003
          54  -6.0429023186849085E-003
          55   6.4143530558655711E-003
          56   1.9522827552083954E-003
          57   4.7607588047000838E-003
          58  -4.6847234958537123E-003
          59  -2.2067968514392765E-002
          60  -1.6809964548230510E-002
          61   1.2237116510557550E-002
          62   7.4793781169204673E-003
          63   1.2364412510243724E-002
          64   8.1768051987229169E-004
          65  -1.6314875009232888E-002
          66   1.3482281680792789E-002
          67   5.0422794309224230E-003
          68  -6.9377126056277688E-003
          69   9.7199809239959731E-003
          70  -8.4621283858683522E-003
          71   4.0671699823257934E-003
          72  -6.6069850005249058E-003
          73   1.7968882724694955E-002
          74   3.7598409167528251E-003
          75  -6.3659291081191970E-003
          76   1.5525343728040184E-002
          77   1.5733634990996406E-002
          78   9.7379175610666328E-003
          79   2.6206744957724504E-003
          80   1.6051448971572003E-002
          81   1.3294258236343091E-002
          82  -6.7309168059470344E-004
          83  -5.0139829420416757E-003
          84   7.8227883623448735E-003
          85   9.2125785801026080E-004
          86   1.3897321534480339E-002
          87   7.0070077171826622E-003
          88   3.2626496344962197E-003
          89  -8.6969653269776306E-004
          90   3.0384669130646838E-003
          91   3.1386258189761117E-003
          92  -2.4029576246668446E-003
          93   1.9469377725681518E-002
          94  -1.1037646291348511E-002
          95  -5.8100636901247298E-003
          96  -3.4445650353712447E-003
          97  -1.3182930415527600E-003
          98  -2.8058490866092897E-002
          99  -1.7642211478865653E-002
         100   7.7531823485226421E-003
