   11.154039908687031     
   11.261388720558314     
   11.201819968895920     
   11.066561900692085     
   11.171026260997198     
   10.935303280132661     
   11.111068725079308     
   10.783407738398553     
   10.689473195611757     
   11.139349217010556     
   10.780299002559786     
   11.300566440440498     
   11.446161737312323     
   10.763877131999079     
   10.955685453876301     
   10.952429450130737     
   10.742862192762299     
   10.907100950729305     
   10.953747836264656     
   10.901611687441891     
   10.977206298839359     
   10.805856115982376     
   10.996224832683938     
   11.089029804143246     
   10.685813010445786     
   11.115173471449321     
   11.126307607832050     
   11.044637992293874     
   10.503851733598752     
   10.877471463014793     
   10.559876699299377     
   11.380729068039255     
   11.372983810953835     
   10.586648138792402     
   10.936379632171157     
   10.942019451520151     
   10.984681181979099     
   10.795338675012585     
   10.689663265201203     
   10.841663623894744     
   10.830986426051330     
   10.845366964911289     
   10.626711305587952     
   11.020014315781083     
   10.706999366726579     
   10.955169182016917     
   10.918469689081846     
   10.673893320249334     
   11.321931489065522     
   10.556800927606639     
   10.728968007641912     
   10.475505073419241     
   10.945140660751296     
   10.660750939829589     
   11.151784432303518     
   10.465368002997165     
   11.000309469116873     
   10.786032503498795     
   10.876488469386022     
   11.005524599246261     
   11.100883019411597     
   11.232652144019104     
   11.511395579722706     
   10.559825323434101     
   11.003911167314206     
   11.045120816688527     
   10.698665208073779     
   10.774287682334368     
   11.285643371067582     
   10.894397745197100     
   11.041111474544806     
   10.976993603731104     
   10.870443883595609     
   10.804174309712714     
   11.410325400017379     
   11.300332157100783     
   11.109184151076070     
   10.835194603052027     
   11.027639335892744     
   10.904395095074486     
   10.716487886777603     
   11.138114204736615     
   11.087342267643203     
   10.725915844498370     
   11.294505617743035     
   11.013746350414225     
   10.759064331808540     
   11.167761027264634     
   10.921095977642217     
   10.734803808525253     
   11.056996338779827     
   11.192806299966037     
   10.537196518862411     
   10.843230712316076     
   11.050553900301464     
   10.840392344192257     
   10.972068804858594     
   10.706320438418460     
   11.036740277295191     
   11.235127041958485     
   10.779077258463925     
   10.718308398577099     
   10.830818841604346     
   11.089121498749751     
   11.050447771663086     
   11.451754745724358     
   10.934567328449713     
   11.287239764071709     
   10.765819796753533     
   10.813212791207095     
   11.001192420026994     
   11.297380351557662     
   11.151571564173230     
   10.699838349077108     
   10.631665197138132     
   10.907605090870691     
   11.059020518114711     
   10.857348269217042     
   10.948701007580899     
   10.835242386463694     
   11.222971804992103     
   10.792926529111206     
   10.834503759328197     
   10.934633772496644     
   10.821663070536403     
   10.865175708054855     
   10.867523592547110     
   10.910324546556875     
   11.370634602363467     
   10.671525826014243     
   11.024769384695526     
   10.979802010650200     
   10.797301929060408     
   10.974071703079755     
   11.329279259910191     
   11.075693986329899     
   10.401872520944407     
   10.871470447864690     
   10.781361366883630     
   11.015551524214739     
   11.036661199547929     
   10.981471508728312     
   11.027879655833965     
   11.068766292111837     
   10.900726714702165     
   10.906646899307315     
   11.007411113933133     
   10.761117775963694     
   10.748239269888044     
   10.967528005326734     
   10.567596527927563     
   11.043899552561880     
   11.178782416186815     
   10.691824849464611     
   11.210324748428146     
   10.710658026449231     
   11.200948092265341     
   11.061675897318025     
   11.006973026500441     
   11.350843435775078     
   11.043101222427785     
   11.016771681539518     
   10.989724093201970     
   10.564288747528165     
   10.937005675192149     
   11.110069761094568     
   11.191432910696163     
   10.932405661700869     
   11.151464432443762     
   10.928819707086063     
   10.863834942504525     
   11.016156732826268     
   10.984942201703037     
   10.879679241056346     
   10.852179049568145     
   10.906878687426733     
   11.444366694651524     
   10.771240245088556     
   10.875495509861844     
   10.689155816361708     
   10.977398556077574     
   11.180322096002662     
   11.041732359319584     
   11.091352874211132     
   11.072837831332070     
   11.137058476255547     
   11.172835343424543     
   11.434850179036125     
   10.849518898960694     
   10.893362011744582     
   11.481057025572175     
   10.910427892246620     
   11.365128386504802     
   10.778183328360212     
   11.265941414956007     
   10.622080344950861     
   10.760719901757399     
   11.226062906770538     
   10.750760202202580     
   11.400553069403937     
   11.517592116108526     
   10.799903977603755     
   10.921825115946051     
   11.038635960527722     
   10.892452761651549     
   10.739013638900456     
   10.890885709709659     
   11.403401930796189     
   10.630004969734388     
   10.471214668393833     
   11.171608214328037     
   10.647051248020846     
   10.956903477851014     
   11.261208414935210     
   10.698534733395343     
   10.941134442598496     
   11.117118714329786     
   10.715310771991254     
   11.172307530659641     
   10.545681494861668     
   11.337119228045916     
   10.267664659832660     
   10.965117611354199     
   11.165872159587728     
   11.086172931324386     
   10.904833246161051     
   11.029275700070421     
   11.219785432532190     
   10.767312156072185     
   10.879433293684768     
   10.883757122757972     
   11.131495749063879     
   10.661048158948685     
   11.433899051876658     
   10.965486256048324     
   11.286234231420519     
   11.269280637756749     
   10.400572798769549     
   11.201050941322512     
   11.009740042349739     
   10.795722975335774     
   10.998726214927048     
   10.731169078776260     
   11.185574174898402     
   10.931266048745039     
   10.954072240598498     
   11.197613486873960     
   10.876671766727352     
   11.092170613151236     
   10.829324514840781     
   11.135831468717370     
   10.864688772856027     
   10.660356622247900     
   11.072254603904902     
   10.791984023327354     
   10.720877283445938     
   10.838034749129257     
   11.033125886590284     
   11.075374654355850     
   10.611987668178212     
   11.179310450534727     
   10.641704298844429     
   10.964650231924765     
   10.974252635219964     
   11.172522698003943     
   10.733263616112698     
   10.803330758763218     
   11.335407500442402     
   10.940555524243385     
   11.019384703466665     
   10.891397567574097     
   10.846903845294500     
   10.868485585031481     
   11.117295881004646     
   10.857387264660915     
   11.371248982771881     
   10.770852770064753     
   11.130293499926573     
   11.125759553719234     
   10.953158389418013     
   10.962606821132086     
   10.894925132783079     
   11.085165358056756     
   11.409921852934692     
   11.179807664996416     
   11.405717061800770     
   10.903588957057371     
   11.130532038639963     
   10.620998202182506     
   11.013696920740504     
   10.873810781894045     
   10.898395407895467     
   11.369317529988150     
   10.894953856471446     
   11.138203298665315     
   10.880433890927737     
   10.932412170212707     
   11.227651785764410     
   10.981755509500999     
   10.630140638624150     
   11.093472582088413     
   11.107963478546710     
   10.718737528752905     
   10.428682403328859     
   10.835843160384471     
   10.732703333318332     
   10.793643571747475     
   10.594385263382343     
   10.911637022769270     
   11.061188006481915     
   10.834243310364043     
   11.005054357437304     
   10.493552931687802     
   11.046785524045024     
   10.932371047603162     
   10.345907118523638     
   10.819478362232122     
   10.814679678702833     
   10.723332575617675     
   10.961491385164974     
   10.889238085221482     
   10.884359895307634     
   11.232323941754842     
   10.903438771599982     
   11.338955349591330     
   11.062784967389714     
   10.448224846352986     
   10.975396781569939     
   10.898615562260153     
   10.742223750215066     
   10.934308008924846     
   10.908931362601392     
   10.638507006829688     
   10.986647457291635     
   10.964650043828883     
   11.042594334212191     
   11.005567464242434     
   10.528223679377096     
   11.064989705720567     
   10.848873182122533     
   10.856736972485137     
   10.708369716927232     
   11.525119789530791     
   11.201741806759149     
   10.832120821214545     
   11.019313242486994     
   11.475572396650440     
   10.547905636915806     
   10.741552066881001     
   11.091891568598495     
   11.081522593029906     
   10.940615495312485     
   10.791651578129025     
   11.021204277100745     
   11.158365872186108     
   10.812782826210919     
   10.713263976228783     
   10.790796405673321     
   11.374956385192075     
   11.172309685815820     
   11.227801428364932     
   10.881704877246539     
   10.971179463156993     
   11.054378053153583     
   10.895838131407269     
   11.205683447425882     
   10.916761246673476     
   11.079882989848022     
   11.173705143714576     
   11.018119730080677     
   11.121566325725231     
   10.509942492047299     
   10.861001723685387     
   11.058606582433418     
   11.187673920064322     
   10.818588384146077     
   10.845402060994145     
   11.135663318944671     
   11.185594720576914     
   11.099879006190173     
   10.887020399662477     
   10.714061066947245     
   11.080285136469382     
   11.176826788251999     
   11.051325392546808     
   11.000117962629123     
   10.874630123736662     
   10.520594889845150     
   10.691532536021887     
   11.088196427908532     
   11.049569018121755     
   11.119818315065544     
   11.424976877598366     
   11.068266845854826     
   11.218485999288767     
   11.208179938338413     
   11.106864177517394     
   11.174988180038344     
   10.725490810985207     
   10.829023293518041     
   11.265285630777825     
   11.277547377467895     
   11.196368315383127     
   10.561363261345010     
   10.625452020669439     
   10.710361738066780     
   10.191725520077375     
   11.265303002306018     
   11.213035474797955     
   10.699841790073419     
   10.481293791102345     
   10.974286584559055     
   10.932740276019118     
   11.390569805802045     
   10.837791196737687     
   10.974488448123960     
   11.340108221733013     
   11.473883942007259     
   10.765976325664298     
   11.015213168543944     
   11.049708801878296     
   11.191234029641549     
   10.970447340761195     
   10.947063125670219     
   10.959535597362956     
   11.114682785838653     
   10.705413418576857     
   10.932834921165718     
   11.156186075069563     
   10.892171669461728     
   10.792207235202751     
   10.867979088547001     
   10.951132561647354     
   11.082066789294073     
   10.780077088089433     
   10.786401626074497     
   10.919136520319798     
   10.972346599998149     
   11.039538972533922     
   10.723529660246649     
   11.094042079692985     
   10.965263172929996     
   10.561680482675234     
   10.712350375486160     
   10.897274532336683     
   10.976494182491690     
   11.250568517986778     
   10.918491827850804     
   11.120559797974535     
   11.238454715557019     
   11.046637835573048     
   10.903246687210018     
   11.036171221700105     
   11.313029299160879     
   10.662450444587565     
   10.804033188818117     
   10.834920683287603     
   10.849821652505799     
   10.686213184318804     
   11.169153433779222     
   10.795401088385223     
   10.900732206916373     
   11.108502296072109     
   10.835499300893565     
   11.054469438272587     
   11.075165933722035     
   11.495397720724743     
   11.206331441892743     
   10.857567889503589     
   10.812766989712262     
   10.955630122527531     
   11.036236648065811     
   11.226429577275811     
   10.627681094723719     
   11.321410290575805     
   10.806059637696940     
   11.066041448573808     
   10.917765585512461     
   11.012312000416271     
   10.921189918084350     
   10.862328935348685     
   10.357489295872028     
   11.078905404432316     
   10.968561260619996     
   10.886147394901620     
   11.366162066730286     
   11.154892713158743     
   10.979364447683976     
   11.006461383374809     
   11.001249393020240     
   10.723403462153074     
   11.194784534126761     
   10.677166748101920     
   10.955000188486284     
   11.312562929966191     
   11.222897696012216     
   10.716751562428039     
   11.272178732078345     
   11.256716093312548     
   11.224058174283485     
   10.840655280100592     
   10.904030707298075     
   10.808675041093823     
   10.732156652896743     
   10.889596759598662     
   10.992947176421186     
   10.773556392179628     
   10.613316976276952     
   11.300960043045979     
   11.000397636145955     
   10.939706250298196     
   10.714158911758945     
   10.923321978637231     
   10.848678138076401     
   11.077315244812663     
   11.423472188373875     
   10.526743611805163     
   10.788664663746255     
   10.921689538127991     
   11.342327677935128     
   10.984165019865840     
   11.149842351044663     
   10.879798426346902     
   10.866208141590551     
   11.135975391625612     
   10.989856333694332     
   11.046917298587138     
   11.149109567060576     
   11.187257630041771     
   11.007183588956915     
   10.957051457285027     
   11.229701927550703     
   11.052752308142935     
   11.184354154787538     
   10.849611509115441     
   10.843757386313401     
   10.835865357136875     
   11.110269813030980     
   11.138806993074077     
   10.700621291420855     
   10.961615998563252     
   11.411735589550299     
   11.104637959204407     
   10.934011824863202     
   11.085034172681905     
   11.202082323857264     
   11.387195681702091     
   10.882678251859973     
   11.022123759086856     
   10.902488235602057     
   10.698194222281368     
   10.891427440862540     
   11.234370217544345     
   11.000905894519946     
   10.959309040696663     
   10.776570118525958     
   10.472274281051776     
   10.858461027286769     
   11.525644438019334     
   10.605785779718094     
   10.901557282431780     
   11.207730776000314     
   10.931200483053068     
   10.640139156324057     
   10.700447428765303     
   10.799169593294963     
   11.163619297993600     
   10.870325896186351     
   11.077962781231966     
   11.125652655837238     
   11.194663553309931     
   10.941349220697663     
   11.103020248261261     
   11.202203650564220     
   10.833277599737198     
   10.644741127316230     
   10.806593544142570     
   11.258793071070359     
   10.711919876409233     
   11.099897914024439     
   10.818142454551893     
   10.752355443658301     
   11.365344463040683     
   10.752375795166728     
   10.851023367392452     
   10.796499963872556     
   10.887146821627809     
   10.650459761659082     
   10.812662362422525     
   10.940424362339094     
   10.677130998160147     
   10.990130982422579     
   10.709916643464069     
   10.885894804714741     
   11.166743174323805     
   10.630206249783274     
   10.938792618771181     
   11.062848671876930     
   10.645420971168663     
   10.901423854610448     
   10.913911764990265     
   11.090921004040968     
   11.172046281869942     
   11.101095132150428     
   11.358976040410599     
   10.955567380057788     
   11.348047913726749     
   11.061443984274510     
   10.954598380898782     
   11.097096874161734     
   11.211534725222755     
   11.077008476668516     
   11.109355485875037     
   10.952596860148780     
   11.316736786379520     
   10.895024613815551     
   10.959806494023333     
   11.221579331858599     
   10.741987938443579     
   10.654334683264970     
   11.196521262020081     
   11.213530777124401     
   10.856868000107692     
   10.917454674875023     
   11.217570716635374     
   10.456280537810157     
   10.477300529820562     
   10.656582440035866     
   10.692331363870945     
   11.306755577496622     
   10.663660442635006     
   10.636984857052608     
   11.039950384616223     
   11.134514807001640     
   11.175933439492578     
   10.962684508355887     
   10.842162318194623     
   10.826194279427543     
   10.908787821251590     
   11.500419189041290     
   11.085327358593593     
   10.584737961969877     
   10.832348962141124     
   11.080432129980483     
   10.903538630156680     
   10.708123784702973     
   11.323830805997826     
   10.641596057250588     
   11.066492120207927     
   10.804638853261443     
   10.968063433924650     
   11.054567058553650     
   10.964318083025987     
   11.127411111751391     
   10.954095855579641     
   11.016476350449178     
   10.978820503515969     
   11.043393619170883     
   11.139638733301451     
   10.960199607678787     
   10.583498968706943     
   11.116582729420150     
   10.964122606013140     
   11.185023590734447     
   10.712511146818450     
   10.875047416743705     
   10.892850848729099     
   10.650646868254100     
   10.735095921143317     
   10.831582744554726     
   10.520600540999517     
   10.874229480090877     
   10.959124116600824     
   10.518661153541794     
   10.809312564616539     
   10.940446101843973     
   11.038019859536361     
   11.307797307520143     
   10.568357340573700     
   11.169480204750156     
   10.736369670735034     
   10.826432257469273     
   11.067611917055499     
   11.002116970197246     
   10.961544265371220     
   10.975686354788103     
   11.007622849572071     
   10.952691168095386     
   10.992101490609505     
   11.233315344274954     
   10.797917435004081     
   11.365564245053564     
   11.088293039390507     
   11.419979303523501     
   11.200816480501162     
   11.217951256712915     
   10.938035376335687     
   11.078219162675303     
   11.043664872499056     
   10.956399128645657     
   11.119324200642831     
   11.110697210062005     
   10.994499976114140     
   11.052254265217165     
   10.576815189988949     
   10.967540817428976     
   11.052516628719500     
   10.753883581033108     
   10.881424804964578     
   10.852615113151549     
   11.402199196099575     
   11.504054063222897     
   10.890441398414572     
   10.779563591482365     
   10.663469922504227     
   10.974275235680338     
   11.273849593702863     
   11.390874643945521     
   11.342375868462838     
   10.914916223654638     
   10.769490700826994     
   11.140310858525138     
   11.100787146784043     
   10.723445037742039     
   11.145291711650060     
   10.982460870424388     
   11.047559577639833     
   11.069088404063312     
   10.648879864538124     
   11.268073216424986     
   11.135279294533696     
   10.752202234413396     
   11.231664510133927     
   11.308549667726272     
   11.188527709461471     
   10.940382813033978     
   10.929750064055529     
   11.185604986138232     
   10.930651008440922     
   11.182328122012105     
   10.695974941520067     
   10.575640611770236     
   10.713480231390767     
   11.219665169986476     
   11.175701554373127     
   11.142246557115858     
   10.785922099095872     
   10.988295538628195     
   10.756707731844799     
   10.738539811027650     
   11.249183466474435     
   10.929795089118780     
   11.435409762061317     
   10.984591527857132     
   11.346452668994502     
   10.664990974488994     
   10.842919745928763     
   11.153218418654662     
   11.226709909173003     
   10.874299302689725     
   11.474251233641729     
   10.912001463057036     
   11.093274203329939     
   11.054693317759133     
   11.116140077363392     
   10.862982517547765     
   11.175461697901133     
   10.930057689090365     
   10.723231532131388     
   10.991970654971778     
   11.072460594145552     
   10.900474570468392     
   10.927719646132354     
   10.902031077432726     
   10.839404724152674     
   11.110548835119310     
   11.187637757905986     
   10.782495949314232     
   10.494945415473030     
   11.457507868143598     
   11.214226413282292     
   11.156826778880536     
   11.419725722575482     
   10.688415457650468     
   11.088927544336004     
   10.915916666846716     
   11.310980277190794     
   10.996284730875631     
   11.065473302361578     
   10.742651994686703     
   11.284634804050757     
   11.066782017596671     
   10.781801874685950     
   10.513484966330958     
   10.708623619020978     
   10.770052077817962     
   11.039886701951540     
   11.420174382193697     
   10.937049829260234     
   10.853959623185135     
   10.854195647316459     
   10.822708226734127     
   10.920413559397183     
   11.199917922588947     
   11.022771229751406     
   10.981660902310688     
   10.843222927506030     
   11.275786879093644     
   11.001813713124031     
   11.389354363608870     
   11.052727851892390     
   11.125329123541661     
   11.201251034594655     
   11.222695873457674     
   10.866914942089535     
   10.760919467001409     
   11.109061062174936     
   10.715889020445333     
   10.907830139316998     
   11.201404476955641     
   10.896936354858999     
   10.938116783556580     
   10.849375244852549     
   10.822236423142279     
   11.249850853366897     
   11.162005388789947     
   10.956820286452054     
   11.195723437092212     
   10.792394543905646     
   10.893095492435242     
   10.953984869055502     
   11.295570093679544     
   11.071867466704317     
   11.071022870336018     
   10.977327263030805     
   11.246661558330505     
   10.848246244696913     
   10.588218621098941     
   10.746091543135680     
   11.029480113183212     
   11.099460354234298     
   10.950411455197393     
   10.992996679666833     
   10.811596548136851     
   10.723071209646179     
   11.307830366860800     
   10.903252231319183     
   11.014410071649994     
   10.569812200271423     
   11.000205309069987     
   11.128412011654822     
   11.189462762589070     
   10.805718091706540     
   11.057326954029712     
   10.861374220582020     
   10.833213071993947     
   11.178559279053067     
   11.367144906116492     
   10.896669147654277     
   11.383039517581606     
   10.818851843405643     
   10.975021428452587     
   11.137472218092533     
   11.340865305084423     
   10.882637795875082     
   10.692789202670106     
   11.005020944166191     
   11.299671321947924     
   11.027877675933766     
   10.858899164027518     
   11.056816585925302     
   10.894021082462533     
   11.252102711114906     
   10.673903728010700     
   10.469349306719797     
   11.202749310609523     
   11.022896979506886     
   11.088007849215504     
   11.530941509323066     
   11.168543937358866     
   10.704794613530403     
   10.998744053515797     
   10.708284348972539     
   11.185788166843468     
   10.993504610078132     
   11.100744614301110     
   10.778965147475144     
   11.593014067015337     
   11.187702486112249     
   10.801893140332259     
   10.930390946846275     
   11.267048506007026     
   10.801836771531693     
   11.362887219955686     
   10.701072447750146     
   10.634923864293818     
   10.930234510756000     
   10.988945302369791     
   11.124911596716423     
   10.363309843372937     
   10.895579732316316     
   11.084674534696626     
   10.898123577426844     
   10.859952182120209     
   11.246526881185090     
   10.643712681494318     
   10.948266146948013     
   10.619159937202856     
   10.561888332575679     
   10.996534338735362     
   10.814460615938016     
   10.894787934368953     
   10.755729337377620     
   11.015530049445241     
   10.723651974405012     
   10.686594504502695     
   11.041739725565797     
   11.145117863584844     
   10.875611652834376     
   10.946751764468811     
   10.709434517060869     
   11.212049496545154     
   11.332921071185368     
   10.419517347406869     
   10.999685494260712     
   11.087440038085893     
   11.020081869264386     
   10.855128129078199     
   10.437805888166640     
   10.577655524606262     
   11.497203432583424     
   11.046113030703619     
   10.555896577716847     
   10.836954738257305     
   11.010369822424000     
   10.893117953646879     
   10.722208691162729     
   10.734465824670083     
   10.592768022068595     
   10.752373013767802     
   10.986773494910254     
   11.029886790771670     
   11.591216264465386     
   10.860923852548433     
   10.954312172947558     
   11.284002791861829     
   11.002110324856240     
   10.745408206253090     
   11.060030683113169     
   10.873072687381754     
   10.796605897499417     
   10.723785566320451     
   11.232083049373454     
   11.480445660360367     
   10.731417037360265     
   11.148009453648804     
   11.049880857020916     
   11.052627012668065     
   11.186386537147044     
   10.737399345179336     
   10.721273641770185     
   11.149996824326827     
   11.184045149760671     
   10.968874940542792     
   10.871560572480098     
   10.967121285345472     
   10.887821776926298     
   10.740352591363040     
   10.841927536859393     
   11.170504765854716     
   10.786829013838979     
   10.841987325670594     
   11.023432979414265     
   11.230015946304773     
   11.324842939690139     
   10.877031948784079     
   10.804984906351983     
   11.237096425194352     
   10.942959936425025     
   11.091070686181544     
   11.392859215846817     
   10.838388493011683     
   10.476560537659806     
   10.829590633392998     
   11.202922818050441     
   10.831681189642190     
   11.253034162986532     
   11.032417853945383     
   10.901200272184743     
   11.298993835685442     
   11.210241932595817     
   11.231326254032766     
   10.933231559258456     
   11.146706358660641     
   10.949400024002101     
   11.026626997529796     
   11.072396506802875     
   10.985544065040600     
   10.982107616100249     
   11.182873504615271     
