           1           1   2000.0000000000002     
           1           2   2019.5454445456614     
           1           3   2038.1818036502407     
           1           4   2055.9090737081797     
           1           5   2072.7272536681076     
           1           6   2088.6363431548525     
           1           7   2103.6363420043072     
           1           8   2117.7272501315711     
           1           9   2130.9090674870240     
           1          10   2143.1817940390793     
           1          11   2154.5454297663573     
           1          12   2164.9999746537142     
           1          13   2174.5454286900385     
           1          14   2183.1817918669431     
           1          15   2190.9090641779503     
           1          16   2197.7272456179635     
           1          17   2203.6363361829099     
           1          18   2208.6363358694889     
           1          19   2212.7272446749976     
           1          20   2215.9090625972030     
           1          21   2218.1817896342445     
           1          22   2219.5454257845649     
           1          23   2219.9999710468528     
           1          24   2219.5454254200022     
           1          25   2218.1817889030790     
           1          26   2215.9090614952947     
           1          27   2212.7272431959864     
           1          28   2208.6363340045982     
           1          29   2203.6363339206728     
           1          30   2197.7272429438344     
           1          31   2190.9090610737885     
           1          32   2183.1817883103095     
           1          33   2174.5454246532381     
           1          34   2164.9999701024781     
           2           1   1930.4545354547524     
           2           2   1949.9999872673600     
           2           3   1968.6363481749297     
           2           4   1986.3636187587015     
           2           5   2003.1817989063300     
           2           6   2019.0908884752196     
           2           7   2034.0908873672013     
           2           8   2048.1817955193410     
           2           9   2061.3636128906455     
           2          10   2073.6363394534401     
           2          11   2084.9999751883352     
           2          12   2095.4545200812890     
           2          13   2104.9999741218435     
           2          14   2113.6363373020195     
           2          15   2121.3636096156042     
           2          16   2128.1817910576829     
           2          17   2134.0908816243045     
           2          18   2139.0908813122569     
           2          19   2143.1817901189033     
           2          20   2146.3636080420565     
           2          21   2148.6363350798947     
           2          22   2149.9999712308854     
           2          23   2150.4545164937399     
           2          24   2149.9999708673686     
           2          25   2148.6363343508501     
           2          26   2146.3636069434069     
           2          27   2143.1817886443841     
           2          28   2139.0908794532324     
           2          29   2134.0908793694989     
           2          30   2128.1817883928134     
           2          31   2121.3636065228839     
           2          32   2113.6363337594848     
           2          33   2104.9999701024617     
           2          34   2095.4545155517180     
           3           1   1861.8181672866042     
           3           2   1881.3636209022022     
           3           3   1899.9999830312338     
           3           4   1917.7272542541152     
           3           5   1934.5454347327611     
           3           6   1950.4545244825538     
           3           7   1965.4545234804852     
           3           8   1979.5454316989155     
           3           9   1992.7272491141146     
           3          10   2004.9999757073617     
           3          11   2016.3636114642015     
           3          12   2026.8181563734690     
           3          13   2036.3636104264649     
           3          14   2044.9999736163325     
           3          15   2052.7272459376045     
           3          16   2059.5454273858704     
           3          17   2065.4545179575362     
           3          18   2070.4545176496458     
           3          19   2074.5454264597465     
           3          20   2077.7272443857928     
           3          21   2079.9999714260648     
           3          22   2081.3636075791137     
           3          23   2081.8181528437126     
           3          24   2081.3636072188201     
           3          25   2079.9999707035549     
           3          26   2077.7272432971695     
           3          27   2074.5454249990335     
           3          28   2070.4545158086175     
           3          29   2065.4545157254834     
           3          30   2059.5454247492735     
           3          31   2052.7272428797041     
           3          32   2044.9999701165586     
           3          33   2036.3636064596856     
           3          34   2026.8181519089919     
           4           1   1794.0908918899979     
           4           2   1813.6363460314290     
           4           3   1832.2727087995697     
           4           4   1849.9999805000227     
           4           5   1866.8181612946516     
           4           6   1882.7272512486668     
           4           7   1897.7272503804659     
           4           8   1911.8181586891626     
           4           9   1924.9999761671972     
           4          10   1937.2727028055490     
           4          11   1948.6363385956777     
           4          12   1959.0908835301191     
           4          13   1968.6363376025590     
           4          14   1977.2727008077197     
           4          15   1984.9999731412101     
           4          16   1991.8181545993691     
           4          17   1997.7272451791375     
           4          18   2002.7272448779474     
           4          19   2006.8181536936343     
           4          20   2009.9999716243681     
           4          21   2012.2726986685946     
           4          22   2013.6363348249922     
           4          23   2014.0908800924324     
           4          24   2013.6363344699528     
           4          25   2012.2726979567331     
           4          26   2009.9999705520756     
           4          27   2006.8181522553884     
           4          28   2002.7272430661749     
           4          29   1997.7272429840211     
           4          30   1991.8181520085898     
           4          31   1984.9999701396116     
           4          32   1977.2726973768811     
           4          33   1968.6363337202536     
           4          34   1959.0908791696422     
           5           1   1727.2727082135627     
           5           2   1746.8181625426939     
           5           3   1765.4545256418521     
           5           4   1783.1817976582886     
           5           5   1799.9999787039667     
           5           6   1815.9090688440663     
           5           7   1830.9090681108607     
           5           8   1844.9999765176042     
           5           9   1858.1817940676976     
           5          10   1870.4545207598774     
           5          11   1881.8181565909260     
           5          12   1892.2727015570097     
           5          13   1901.8181556543093     
           5          14   1910.4545188792843     
           5          15   1918.1817912287713     
           5          16   1924.9999726999911     
           5          17   1930.9090632905279     
           5          18   1935.9090629982923     
           5          19   1939.9999718214783     
           5          20   1943.1817897585295     
           5          21   1945.4545168081020     
           5          22   1946.8181529690371     
           5          23   1947.2726982403367     
           5          24   1946.8181526211404     
           5          25   1945.4545161107087     
           5          26   1943.1817887084092     
           5          27   1939.9999704137028     
           5          28   1935.9090612261336     
           5          29   1930.9090611453219     
           5          30   1924.9999701709555     
           5          31   1918.1817883027868     
           5          32   1910.4545155406242     
           5          33   1901.8181518843342     
           5          34   1892.2726973338356     
           6           1   1661.3636158821257     
           6           2   1680.9090702934020     
           6           3   1699.5454335734632     
           6           4   1717.2727057941217     
           6           5   1734.0908870258843     
           6           6   1749.9999773200100     
           6           7   1764.9999767087527     
           6           8   1779.0908852103364     
           6           9   1792.2727028339334     
           6          10   1804.5454295833281     
           6          11   1815.9090654592844     
           6          12   1826.3636104609748     
           6          13   1835.9090645868052     
           6          14   1844.5454278348814     
           6          15   1852.2727002032545     
           6          16   1859.0908816900539     
           6          17   1864.9999722935456     
           6          18   1869.9999720121571     
           6          19   1874.0908808444799     
           6          20   1877.2726987892645     
           6          21   1879.5454258454076     
           6          22   1880.9090620119403     
           6          23   1881.3636072880138     
           6          24   1880.9090616728888     
           6          25   1879.5454251659219     
           6          26   1877.2726977665577     
           6          27   1874.0908794743198     
           6          28   1869.9999702888033     
           6          29   1864.9999702096677     
           6          30   1859.0908792366338     
           6          31   1852.2726973694773     
           6          32   1844.5454246080265     
           6          33   1835.9090609521588     
           6          34   1826.3636064018017     
           7           1   1596.3636147315799     
           7           2   1615.9090691853828     
           7           3   1634.5454325713947     
           7           4   1652.2727049259208     
           7           5   1669.0908862926788     
           7           6   1684.9999767087527     
           7           7   1699.9999762013947     
           7           8   1714.0908847888143     
           7           9   1727.2727024822914     
           7          10   1739.5454292882894     
           7          11   1750.9090652101238     
           7          12   1761.3636102491457     
           7          13   1770.9090644055270     
           7          14   1779.5454276787671     
           7          15   1787.2727000680054     
           7          16   1794.0908815722166     
           7          17   1799.9999721903266     
           7          18   1804.9999719212767     
           7          19   1809.0908807640628     
           7          20   1812.2726987177550     
           7          21   1814.5454257815029     
           7          22   1815.9090619545402     
           7          23   1816.3636072361812     
           7          24   1815.9090616258179     
           7          25   1814.5454251229128     
           7          26   1812.2726977269979     
           7          27   1809.0908794376662     
           7          28   1804.9999702545690     
           7          29   1799.9999701774129     
           7          30   1794.0908792059529     
           7          31   1787.2726973399938     
           7          32   1779.5454245793842     
           7          33   1770.9090609240172     
           7          34   1761.3636063738265     
           8           1   1532.2727046770258     
           8           2   1551.8181591557043     
           8           3   1570.4545226080065     
           8           4   1588.1817950527991     
           8           5   1604.9999765176042     
           8           6   1620.9090670285184     
           8           7   1635.9090666069962     
           8           8   1649.9999752691185     
           8           9   1663.1817930261543     
           8          10   1675.4545198855756     
           8          11   1686.8181558520671     
           8          12   1697.2727009283706     
           8          13   1706.8181551159194     
           8          14   1715.4545184152901     
           8          15   1723.1817908265182     
           8          16   1729.9999723493104     
           8          17   1735.9090629831833     
           8          18   1740.9090627275561     
           8          19   1744.9999715818110     
           8          20   1748.1817895453275     
           8          21   1750.4545166175092     
           8          22   1751.8181527977938     
           8          23   1752.2726980856621     
           8          24   1751.8181524806421     
           8          25   1750.4545159823099     
           8          26   1748.1817885902863     
           8          27   1744.9999703042402     
           8          28   1740.9090611238842     
           8          29   1735.9090610489718     
           8          30   1729.9999700792998     
           8          31   1723.1817882147018     
           8          32   1715.4545154550494     
           8          33   1706.8181518002514     
           8          34   1697.2726972502512     
           9           1   1469.0908856688427     
           9           2   1488.6363401633732     
           9           3   1507.2727036595695     
           9           4   1524.9999761671977     
           9           5   1541.8181577040612     
           9           6   1557.7272482884789     
           9           7   1572.7272479368373     
           9           8   1586.8181566625178     
           9           9   1599.9999744757667     
           9          10   1612.2727013840456     
           9          11   1623.6363373925694     
           9          12   1634.0908825048343     
           9          13   1643.6363367230786     
           9          14   1652.2727000486441     
           9          15   1659.9999724822503     
           9          16   1666.8181540241937     
           9          17   1672.7272446744917     
           9          18   1677.7272444329826     
           9          19   1681.8181532993951     
           9          20   1684.9999712733991     
           9          21   1687.2726983546356     
           9          22   1688.6363345427405     
           9          23   1689.0908798373582     
           9          24   1688.6363342381521     
           9          25   1687.2726977448090     
           9          26   1684.9999703570440     
           9          27   1681.8181520746018     
           9          28   1677.7272428972572     
           9          29   1672.7272428248154     
           9          30   1666.8181518571134     
           9          31   1659.9999699940170     
           9          32   1652.2726972354210     
           9          33   1643.6363335812514     
           9          34   1634.0908790314622     
          10           1   1406.8181576754430     
          10           2   1426.3636121807133     
          10           3   1444.9999757073622     
          10           4   1462.7272482600949     
          10           5   1479.5454298507868     
          10           6   1495.4545204924191     
          10           7   1510.4545201973804     
          10           8   1524.5454289764846     
          10           9   1537.7272468385911     
          10          10   1549.9999737906221     
          10          11   1561.3636098377854     
          10          12   1571.8181549838744     
          10          13   1581.3636092315689     
          10          14   1589.9999725827026     
          10          15   1597.7272450384778     
          10          16   1604.5454265996375     
          10          17   1610.4545172665996     
          10          18   1615.4545170395506     
          10          19   1619.5454259185192     
          10          20   1622.7272439034307     
          10          21   1624.9999709941437     
          10          22   1626.3636071904764     
          10          23   1626.8181524922277     
          10          24   1626.3636068991902     
          10          25   1624.9999704111599     
          10          26   1622.7272430279424     
          10          27   1619.5454247493578     
          10          28   1615.4545155752437     
          10          29   1610.4545155054573     
          10          30   1604.5454245398748     
          10          31   1597.7272426783954     
          10          32   1589.9999699209395     
          10          33   1581.3636062674484     
          10          34   1571.8181517178862     
          11           1   1345.4545206754485     
          11           2   1364.9999751883354     
          11           3   1383.6363387369290     
          11           4   1401.3636113229506     
          11           5   1418.1817929545625     
          11           6   1434.0908836411029     
          11           7   1449.0908833919423     
          11           8   1463.1817922157031     
          11           9   1476.3636101198415     
          11          10   1488.6363371105124     
          11          11   1499.9999731926157     
          11          12   1510.4545183699395     
          11          13   1519.9999726453409     
          11          14   1528.6363360209245     
          11          15   1536.3636084982047     
          11          16   1543.1817900782414     
          11          17   1549.0908807617523     
          11          18   1554.0908805492015     
          11          19   1558.1817894408643     
          11          20   1561.3636074368844     
          11          21   1563.6363345373086     
          11          22   1564.9999707421196     
          11          23   1565.4545160512569     
          11          24   1564.9999704646332     
          11          25   1563.6363339821462     
          11          26   1561.3636066036886     
          11          27   1558.1817883291526     
          11          28   1554.0908791584368     
          11          29   1549.0908790914471     
          11          30   1543.1817881281020     
          11          31   1536.3636062683315     
          11          32   1528.6363335120802     
          11          33   1519.9999698593062     
          11          34   1510.4545153099841     
          12           1   1284.9999746537148     
          12           2   1304.5454291721987     
          12           3   1323.1817927371060     
          12           4   1340.9090653483015     
          12           5   1357.7272470115556     
          12           6   1373.6363377337018     
          12           7   1388.6363375218732     
          12           8   1402.7272463829161     
          12           9   1415.9090643230159     
          12          10   1428.1817913475104     
          12          11   1439.5454274608485     
          12          12   1449.9999726666331     
          12          13   1459.5454269677173     
          12          14   1468.1817903663148     
          12          15   1475.9090628641140     
          12          16   1482.7272444623802     
          12          17   1488.6363351620446     
          12          18   1493.6363349637779     
          12          19   1497.7272438680518     
          12          20   1500.9090618751877     
          12          21   1503.1817889853917     
          12          22   1504.5454251987892     
          12          23   1504.9999705154430     
          12          24   1504.5454249353745     
          12          25   1503.1817884585737     
          12          26   1500.9090610850137     
          12          27   1497.7272428146550     
          12          28   1493.6363336474526     
          12          29   1488.6363335833614     
          12          30   1482.7272426223374     
          12          31   1475.9090607643427     
          12          32   1468.1817880093442     
          12          33   1459.5454243573170     
          12          34   1449.9999698082454     
          13           1   1225.4545195991302     
          13           2   1244.9999741218442     
          13           3   1263.6363376991928     
          13           4   1281.3636103298320     
          13           5   1298.1817920179462     
          13           6   1314.0908827686237     
          13           7   1329.0908825873455     
          13           8   1343.1817914795554     
          13           9   1356.3636094503511     
          13          10   1368.6363365042964     
          13          11   1379.9999726453409     
          13          12   1390.4545178768078     
          13          13   1399.9999722014329     
          13          14   1408.6363356214272     
          13          15   1416.3636081385496     
          13          16   1423.1817897541803     
          13          17   1429.0908804693888     
          13          18   1434.0908802849938     
          13          19   1438.1817892016136     
          13          20   1441.3636072197094     
          13          21   1443.6363343396181     
          13          22   1444.9999705615830     
          13          23   1445.4545158857738     
          13          24   1444.9999703123055     
          13          25   1443.6363338412518     
          13          26   1441.3636064726581     
          13          27   1438.1817882065463     
          13          28   1434.0908790429255     
          13          29   1429.0908789817938     
          13          30   1423.1817880231445     
          13          31   1416.3636061669679     
          13          32   1408.6363334132536     
          13          33   1399.9999697619926     
          13          34   1390.4545152131780     
          14           1   1166.8181555033068     
          14           2   1186.3636100292922     
          14           3   1204.9999736163334     
          14           4   1222.7272462622657     
          14           5   1239.5454279701942     
          14           6   1255.4545187439724     
          14           7   1270.4545185878585     
          14           8   1284.5454275061991     
          14           9   1297.7272455031896     
          14          10   1309.9999725827026     
          14          11   1321.3636087481971     
          14          12   1331.8181540026778     
          14          13   1341.3636083486997     
          14          14   1349.9999717883964     
          14          15   1357.7272443235240     
          14          16   1364.5454259555097     
          14          17   1370.4545166855021     
          14          18   1375.4545165144157     
          14          19   1379.5454254429726     
          14          20   1382.7272434717395     
          14          21   1384.9999706011556     
          14          22   1386.3636068315598     
          14          23   1386.8181521632102     
          14          24   1386.3636065963035     
          14          25   1384.9999701309841     
          14          26   1382.7272427673613     
          14          27   1379.5454245055132     
          14          28   1375.4545153454958     
          14          29   1370.4545152873482     
          14          30   1364.5454243310967     
          14          31   1357.7272424767582     
          14          32   1349.9999697243436     
          14          33   1341.3636060738584     
          14          34   1331.8181515253043     
          15           1   1109.0908823597690     
          15           2   1128.6363368883324     
          15           3   1147.2727004830597     
          15           4   1164.9999731412106     
          15           5   1181.8181548651353     
          15           6   1197.7272456578009     
          15           7   1212.7272455225509     
          15           8   1226.8181544628821     
          15           9   1239.9999724822503     
          15          10   1252.2726995839323     
          15          11   1263.6363357709322     
          15          12   1274.0908810459321     
          15          13   1283.6363354112771     
          15          14   1292.2726988689781     
          15          15   1299.9999714207408     
          15          16   1306.8181530679897     
          15          17   1312.7272438119046     
          15          18   1317.7272436534552     
          15          19   1321.8181525934322     
          15          20   1324.9999706324759     
          15          21   1327.2726977711034     
          15          22   1328.6363340097275     
          15          23   1329.0908793486790     
          15          24   1328.6363337882196     
          15          25   1327.2726973285569     
          15          26   1324.9999699698535     
          15          27   1321.8181517122355     
          15          28   1317.7272425558024     
          15          29   1312.7272425006283     
          15          30   1306.8181515467702     
          15          31   1299.9999696942693     
          15          32   1292.2726969431549     
          15          33   1283.6363332934459     
          15          34   1274.0908787451524     
          16           1   1052.2727001634191     
          16           2   1071.8181546940471     
          16           3   1090.4545182949621     
          16           4   1108.1817909630065     
          16           5   1124.9999726999915     
          16           6   1140.9090635082364     
          16           7   1155.9090633903991     
          16           8   1169.9999723493108     
          16           9   1183.1817903878307     
          16          10   1195.4545175087289     
          16          11   1206.8181537146054     
          16          12   1217.2726990078352     
          16          13   1226.8181533905438     
          16          14   1235.4545168646002     
          16          15   1243.1817894316262     
          16          16   1249.9999710930085     
          16          17   1255.9090618499260     
          16          18   1260.9090617033705     
          16          19   1264.9999706541719     
          16          20   1268.1817887030190     
          16          21   1270.4545158504832     
          16          22   1271.8181520970340     
          16          23   1272.2726974430586     
          16          24   1271.8181518888712     
          16          25   1270.4545154347304     
          16          26   1268.1817880808442     
          16          27   1264.9999698273807     
          16          28   1260.9090606744746     
          16          29   1255.9090606222333     
          16          30   1249.9999696707389     
          16          31   1243.1817878200552     
          16          32   1235.4545150702286     
          16          33   1226.8181514212890     
          16          34   1217.2726968732538     
          17           1   996.36360891018353     
          17           2   1015.9090634424863     
          17           3   1034.5454270484463     
          17           4   1052.2726997245929     
          17           5   1069.0908814723468     
          17           6   1084.9999722935461     
          17           7   1099.9999721903271     
          17           8   1114.0908811650013     
          17           9   1127.2726992199466     
          17          10   1139.5454263575091     
          17          11   1150.9090625799347     
          17          12   1161.3636078893176     
          17          13   1170.9090622875708     
          17          14   1179.5454257764111     
          17          15   1187.2726983573591     
          17          16   1194.0908800317441     
          17          17   1199.9999708007183     
          17          18   1204.9999706652713     
          17          19   1209.0908796262490     
          17          20   1212.2726976843685     
          17          21   1214.5454248402364     
          17          22   1215.9090610943629     
          17          23   1216.3636064471764     
          17          24   1215.9090608990339     
          17          25   1214.5454244502323     
          17          26   1212.2726971010186     
          17          27   1209.0908788515951     
          17          28   1204.9999697021278     
          17          29   1199.9999696527500     
          17          30   1194.0908787035680     
          17          31   1187.2726968546642     
          17          32   1179.5454241060995     
          17          33   1170.9090604579148     
          17          34   1161.3636059101334     
          18           1   941.36360859676256     
          18           2   960.90906313043911     
          18           3   979.54542674055551     
          18           4   997.27269942340240     
          18           5   1014.0908811801112     
          18           6   1029.9999720121575     
          18           7   1044.9999719212772     
          18           8   1059.0908809093746     
          18           9   1072.2726989784376     
          18          10   1084.5454261304601     
          18          11   1095.9090623673835     
          18          12   1106.3636076910509     
          18          13   1115.9090621031758     
          18          14   1124.5454256053251     
          18          15   1132.2726981989101     
          18          16   1139.0908798851890     
          18          17   1144.9999706652713     
          18          18   1149.9999705401285     
          18          19   1154.0908795106031     
          18          20   1157.2726975774256     
          18          21   1159.5454247412220     
          18          22   1160.9090610025289     
          18          23   1161.3636063618044     
          18          24   1160.9090608194363     
          18          25   1159.5454243757529     
          18          26   1157.2726970310312     
          18          27   1154.0908787855021     
          18          28   1149.9999696393559     
          18          29   1144.9999695927493     
          18          30   1139.0908786458083     
          18          31   1132.2726967986316     
          18          32   1124.5454240512925     
          18          33   1115.9090604038413     
          18          34   1106.3636058563068     
          19           1   887.27269922045321     
          19           2   906.81815375526753     
          19           3   925.45451736883820     
          19           4   943.18179005727120     
          19           5   959.99997182147922     
          19           6   975.90906266266188     
          19           7   990.90906258224527     
          19           8   1004.9999715818110     
          19           9   1018.1817896630321     
          19          10   1030.4545168276106     
          19          11   1041.8181530772283     
          19          12   1052.2726984135068     
          19          13   1061.8181528379780     
          19          14   1070.4545163520640     
          19          15   1078.1817889570691     
          19          16   1084.9999706541719     
          19          17   1090.9090614444310     
          19          18   1095.9090613287851     
          19          19   1099.9999703080646     
          19          20   1103.1817883829970     
          19          21   1105.4545155542180     
          19          22   1106.8181518222780     
          19          23   1107.2726971876548     
          19          24   1106.8181516507586     
          19          25   1105.4545152119415     
          19          26   1103.1817878715017     
          19          27   1099.9999696296934     
          19          28   1095.9090604867276     
          19          29   1090.9090604427799     
          19          30   1084.9999694979922     
          19          31   1078.1817876524767     
          19          32   1070.4545149063176     
          19          33   1061.8181512595727     
          19          34   1052.2726967122760     
          20           1   834.09088077902175     
          20           2   853.63633531478513     
          20           3   872.27269893124799     
          20           4   889.99997162436898     
          20           5   906.81815339489344     
          20           6   922.72724424380999     
          20           7   937.72724417230052     
          20           8   951.81815318169151     
          20           9   964.99997127339952     
          20          10   977.27269844888565     
          20          11   988.63633470961190     
          20          12   999.09088005700619     
          20          13   1008.6363344924373     
          20          14   1017.2726980171944     
          20          15   1024.9999706324768     
          20          16   1031.8181523393830     
          20          17   1037.7272431389140     
          20          18   1042.7272430319711     
          20          19   1046.8181520193609     
          20          20   1049.9999701018007     
          20          21   1052.2726972799244     
          20          22   1053.6363335542890     
          20          23   1054.0908789253833     
          20          24   1053.6363333936322     
          20          25   1052.2726969594030     
          20          26   1049.9999696230122     
          20          27   1046.8181513847301     
          20          28   1042.7272422447843     
          20          29   1037.7272422033659     
          20          30   1031.8181512606291     
          20          31   1024.9999694166975     
          20          32   1017.2726966716643     
          20          33   1008.6363330255942     
          20          34   999.09087847852402     
          21           1   781.81815327060872     
          21           2   801.36360780716791     
          21           3   819.99997142606549     
          21           4   837.72724412314096     
          21           5   854.54542589901143     
          21           6   870.45451675449863     
          21           7   885.45451669059389     
          21           8   899.54542570841818     
          21           9   912.72724380918157     
          21          10   924.99997099414372     
          21          11   936.36360726458156     
          21          12   946.81815262175610     
          21          13   956.36360706689152     
          21          14   964.99997060115652     
          21          15   972.72724322564932     
          21          16   979.54542494139264     
          21          17   985.45451574932736     
          21          18   990.45451565031294     
          21          19   994.54542464512701     
          21          20   997.72724273446988     
          21          21   999.99996991896683     
          21          22   1001.3636061991749     
          21          23   1001.8181515755866     
          21          24   1001.3636060486349     
          21          25   999.99996961869851     
          21          26   997.72724228610491     
          21          27   994.54542405113693     
          21          28   990.45451491403560     
          21          29   985.45451487500236     
          21          30   979.54542393420274     
          21          31   972.72724209176863     
          21          32   964.99996934780097     
          21          33   956.36360570236934     
          21          34   946.81815115551467     
          22           1   730.45451669365571     
          22           2   749.99997123088565     
          22           3   768.63633485184187     
          22           4   786.36360755226565     
          22           5   803.18178933267404     
          22           6   819.09088019375872     
          22           7   834.09088013635869     
          22           8   848.18178916143029     
          22           9   861.36360727001352     
          22          10   873.63633446320387     
          22          11   884.99997074212001     
          22          12   895.45451610788109     
          22          13   904.99997056158395     
          22          14   913.63633410428770     
          22          15   921.36360673700051     
          22          16   928.18178846067099     
          22          17   934.09087927618134     
          22          18   939.09087918434739     
          22          19   943.18178818591491     
          22          20   946.36360628156194     
          22          21   948.63633347190239     
          22          22   949.99996975748650     
          22          23   950.45451513880630     
          22          24   949.99996961629699     
          22          25   948.63633319034375     
          22          26   946.36360586128171     
          22          27   943.18178762940374     
          22          28   939.09087849495813     
          22          29   934.09087845815498     
          22          30   928.18178751916889     
          22          31   921.36360567813858     
          22          32   913.63633293517046     
          22          33   904.99996929033819     
          22          34   895.45451474368542     
          23           1   679.99997104685258     
          23           2   699.54542558464914     
          23           3   718.18178920734931     
          23           4   735.90906191061481     
          23           5   752.72724369488265     
          23           6   768.63633456074172     
          23           7   783.63633450890916     
          23           8   797.72724354020806     
          23           9   810.90906165554065     
          23          10   823.18178885586417     
          23          11   834.54542514216678     
          23          12   844.99997051544392     
          23          13   854.54542497668331     
          23          14   863.18178852684764     
          23          15   870.90906116686142     
          23          16   877.72724289760458     
          23          17   883.63633371990431     
          23          18   888.63633363453187     
          23          19   892.72724264220074     
          23          20   895.90906074356576     
          23          21   898.18178793922357     
          23          22   899.54542422971531     
          23          23   899.99996961552802     
          23          24   899.54542409709734     
          23          25   898.18178767480981     
          23          26   895.90906034900559     
          23          27   892.72724211998116     
          23          28   888.63633298799300     
          23          29   883.63633295325758     
          23          30   877.72724201595406     
          23          31   870.90906017622706     
          23          32   863.18178743418753     
          23          33   854.54542378991232     
          23          34   844.99996924344782     
          24           1   630.45451632909294     
          24           2   649.99997086736880     
          24           3   668.63633449154827     
          24           4   686.36360719722620     
          24           5   703.18178898477731     
          24           6   719.09087985470774     
          24           7   734.09087980763638     
          24           8   748.18178884427903     
          24           9   761.36360696542556     
          24          10   773.63633417191772     
          24          11   784.99997046463409     
          24          12   795.45451584446596     
          24          13   804.99997031230600     
          24          14   813.63633386903143     
          24          15   821.36360651549307     
          24          16   828.18178825250857     
          24          17   834.09087908085280     
          24          18   839.09087900125473     
          24          19   843.18178801439558     
          24          20   846.36360612090516     
          24          21   848.63633332136283     
          24          22   849.99996961629745     
          24          23   850.45451500618833     
          24          24   849.99996949146839     
          24          25   848.63633307252326     
          24          26   846.36360574969490     
          24          27   843.18178752328299     
          24          28   839.09087839354720     
          24          29   834.09087836070853     
          24          30   828.18178742495115     
          24          31   821.36360558642286     
          24          32   813.63633284523735     
          24          33   804.99996920147555     
          24          34   795.45451465518431     
          25           1   581.81815253944274     
          25           2   601.36360707812378     
          25           3   619.99997070355607     
          25           4   637.72724341127946     
          25           5   654.54542520161863     
          25           6   670.45451607501286     
          25           7   685.45451603200422     
          25           8   699.54542507321935     
          25           9   712.72724319935492     
          25          10   724.99997041116035     
          25          11   736.36360670942008     
          25          12   746.81815209493811     
          25          13   756.36360656852571     
          25          14   764.99997013098505     
          25          15   772.72724278310329     
          25          16   779.54542452564033     
          25          17   785.45451535932420     
          25          18   790.45451528484477     
          25          19   794.54542430285096     
          25          20   797.72724241394894     
          25          21   799.99996961869897     
          25          22   801.36360591761672     
          25          23   801.81815131117378     
          25          24   801.36360579979623     
          25          25   799.99996938386744     
          25          26   797.72724206372982     
          25          27   794.54542383968351     
          25          28   790.45451471199044     
          25          29   785.45451468087435     
          25          30   779.54542374652169     
          25          31   772.72724190908343     
          25          32   764.99996916867599     
          25          33   756.36360552538076     
          25          34   746.81815097924732     
          26           1   534.09087967711298     
          26           2   553.63633421613508     
          26           3   572.27269784262512     
          26           4   589.99997055207655     
          26           5   606.81815234477358     
          26           6   622.72724322110366     
          26           7   637.72724318154337     
          26           8   651.81815222665023     
          26           9   664.99997035704450     
          26          10   677.27269757339741     
          26          11   688.63633387641653     
          26          12   699.09087926683264     
          26          13   708.63633374538608     
          26          14   717.27269731281672     
          26          15   724.99996996985442     
          26          16   731.81815171720859     
          26          17   737.72724255556500     
          26          18   742.72724248557756     
          26          19   746.81815150786611     
          26          20   749.99996962301270     
          26          21   752.27269683155987     
          26          22   753.63633313400965     
          26          23   754.09087853082406     
          26          24   753.63633302242238     
          26          25   752.27269660918432     
          26          26   749.99996929145050     
          26          27   746.81815106952013     
          26          28   742.72724194365651     
          26          29   737.72724191408520     
          26          30   731.81815098099310     
          26          31   724.99996914453391     
          26          32   717.27269640482496     
          26          33   708.63633276194992     
          26          34   699.09087821595790     
          27           1   487.27269774144111     
          27           2   506.81815228074834     
          27           3   525.45451590812513     
          27           4   543.18178861902584     
          27           5   559.99997041370329     
          27           6   575.90906129250175     
          27           7   590.90906125584820     
          27           8   604.99997030424106     
          27           9   618.18178843823875     
          27          10   630.45451565844928     
          27          11   641.81815196551702     
          27          12   652.27269736010999     
          27          13   661.81815184291077     
          27          14   670.45451541460511     
          27          15   678.18178807587287     
          27          16   684.99996982738162     
          27          17   690.90906066977800     
          27          18   695.90906060368457     
          27          19   699.99996962969385     
          27          20   703.18178774836701     
          27          21   705.45451496022883     
          27          22   706.81815126576817     
          27          23   707.27269666543611     
          27          24   706.81815115964696     
          27          25   705.45451474877450     
          27          26   703.18178743315661     
          27          27   699.99996921309207     
          27          28   695.90906008884372     
          27          29   690.90906006063574     
          27          30   684.99996912865822     
          27          31   678.18178729306487     
          27          32   670.45451455397483     
          27          33   661.81815091147132     
          27          34   652.27269636560482     
          28           1   441.36360673187187     
          28           2   460.90906127141511     
          28           3   479.54542489952723     
          28           4   497.27269761163029     
          28           5   514.09087940795212     
          28           6   529.99997028880330     
          28           7   544.99997025456946     
          28           8   559.09087930570263     
          28           9   572.27269744271211     
          28          10   584.54542466615362     
          28          11   595.90906097661878     
          28          12   606.36360637472603     
          28          13   615.90906086110795     
          28          14   624.54542443640571     
          28          15   632.27269710125779     
          28          16   639.09087885629356     
          28          17   644.99996970212828     
          28          18   649.99996963935632     
          28          19   654.09087866854657     
          28          20   657.27269679023971     
          28          21   659.54542400494552     
          28          22   660.90906031314012     
          28          23   661.36360571526598     
          28          24   660.90906021172918     
          28          25   659.54542380289990     
          28          26   657.27269648911147     
          28          27   654.09087827066173     
          28          28   649.99996914781173     
          28          29   644.99996912078655     
          28          30   639.09087818977582     
          28          31   632.27269635493462     
          28          32   624.54542361638119     
          28          33   615.90905997420100     
          28          34   606.36360542844363     
          29           1   396.36360664794597     
          29           2   415.90906118768157     
          29           3   434.54542481639305     
          29           4   452.27269752947700     
          29           5   469.09087932714078     
          29           6   484.99997020966816     
          29           7   499.99997017741293     
          29           8   514.09087923079073     
          29           9   527.27269737027041     
          29          10   539.54542459636673     
          29          11   550.90906090962903     
          29          12   561.36360631063440     
          29          13   570.90906079997626     
          29          14   579.54542437825762     
          29          15   587.27269704608329     
          29          16   594.09087880405218     
          29          17   599.99996965275091     
          29          18   604.99996959274972     
          29          19   609.09087862459887     
          29          20   612.27269674882086     
          29          21   614.54542396591182     
          29          22   615.90906027633741     
          29          23   616.36360568053055     
          29          24   615.90906017889051     
          29          25   614.54542377178382     
          29          26   612.27269645953925     
          29          27   609.09087824245375     
          29          28   604.99996912078655     
          29          29   599.99996909476226     
          29          30   594.09087816457100     
          29          31   587.27269633036599     
          29          32   579.54542359226775     
          29          33   570.90905995036132     
          29          34   561.36360540469627     
          30           1   352.27269748929052     
          30           2   371.81815202917846     
          30           3   390.45451565836515     
          30           4   408.18178837222672     
          30           5   424.99997017095643     
          30           6   440.90906105481622     
          30           7   455.90906102413533     
          30           8   469.99997007930028     
          30           9   483.18178822075038     
          30          10   495.45451544896628     
          30          11   506.81815176446594     
          30          12   517.27269716779278     
          30          13   526.81815165950889     
          30          14   535.45451524018767     
          30          15   543.18178791040714     
          30          16   549.99996967073935     
          30          17   555.90906052175046     
          30          18   560.90906046399118     
          30          19   564.99996949799311     
          30          20   568.18178762426601     
          30          21   570.45451484329419     
          30          22   571.81815115553331     
          30          23   572.27269656140857     
          30          24   571.81815106131467     
          30          25   570.45451465561268     
          30          26   568.18178734462958     
          30          27   564.99996912865822     
          30          28   560.90906000795826     
          30          29   555.90905998275252     
          30          30   549.99996905323110     
          30          31   543.18178721954769     
          30          32   535.45451448182189     
          30          33   526.81815084013920     
          30          34   517.27269629455009     
          31           1   309.09087925560812     
          31           2   328.63633379561202     
          31           3   347.27269742515932     
          31           4   364.99997013961206     
          31           5   381.81815193915077     
          31           6   397.72724282402328     
          31           7   412.72724279453973     
          31           8   426.81815185106575     
          31           9   439.99996999401696     
          31          10   452.27269722385040     
          31          11   463.63633354105900     
          31          12   474.09087894616118     
          31          13   483.63633343969582     
          31          14   492.27269702221315     
          31          15   499.99996969426979     
          31          16   506.81815145641963     
          31          17   512.72724230921017     
          31          18   517.72724225317802     
          31          19   521.81815128884114     
          31          20   524.99996941669792     
          31          21   527.27269663722359     
          31          22   528.63633295086652     
          31          23   529.09087835804553     
          31          24   528.63633285915034     
          31          25   527.27269645453794     
          31          26   524.99996914453391     
          31          27   521.81815092942884     
          31          28   517.72724180948057     
          31          29   512.72724178491148     
          31          30   506.81815085591120     
          31          31   499.99996902263388     
          31          32   492.27269628519821     
          31          33   483.63633264369014     
          31          34   474.09087809815969     
          32           1   266.81815194667411     
          32           2   286.36360648675895     
          32           3   304.99997011656001     
          32           4   322.72724283142702     
          32           5   339.54542463153371     
          32           6   355.45451551711790     
          32           7   370.45451548847564     
          32           8   384.54542454595889     
          32           9   397.72724268996694     
          32          10   409.99996992093998     
          32          11   421.36360623935320     
          32          12   431.81815164570821     
          32          13   441.36360614052705     
          32          14   449.99996972434451     
          32          15   457.72724239770082     
          32          16   464.54542416113804     
          32          17   470.45451501519051     
          32          18   475.45451496038390     
          32          19   479.54542399722709     
          32          20   482.72724212621029     
          32          21   484.99996934780143     
          32          22   486.36360566244343     
          32          23   486.81815107055149     
          32          24   486.36360557251078     
          32          25   484.99996916867599     
          32          26   482.72724185937091     
          32          27   479.54542364488384     
          32          28   475.45451452547263     
          32          29   470.45451450135874     
          32          30   464.54542357273135     
          32          31   457.72724173974370     
          32          32   449.99996900251585     
          32          33   441.36360536113239     
          32          34   431.81815081564378     
          33           1   225.45451556232979     
          33           2   244.99997010246284     
          33           3   263.63633373241350     
          33           4   281.36360644752699     
          33           5   298.18178824797110     
          33           6   314.09087913397775     
          33           7   329.09087910583571     
          33           8   343.18178816388831     
          33           9   356.36360630852482     
          33          10   368.63633354017588     
          33          11   379.99996985930670     
          33          12   390.45451526640841     
          33          13   399.99996976199304     
          33          14   408.63633334658630     
          33          15   416.36360602071932     
          33          16   423.18178778492597     
          33          17   429.09087863973332     
          33          18   434.09087858565977     
          33          19   438.18178762320917     
          33          20   441.36360575286722     
          33          21   443.63633297509728     
          33          22   444.99996929033864     
          33          23   445.45451469900377     
          33          24   444.99996920147601     
          33          25   443.63633279810870     
          33          26   441.36360548922289     
          33          27   438.18178727510781     
          33          28   434.09087815601947     
          33          29   429.09087813217934     
          33          30   423.18178720377614     
          33          31   416.36360537096311     
          33          32   408.63633263385941     
          33          33   399.99996899255143     
          33          34   390.45451444708829     
          34           1   184.99997010247876     
          34           2   204.54542464262818     
          34           3   223.18178827262932     
          34           4   240.90906098782466     
          34           5   257.72724278838155     
          34           6   273.63633367452962     
          34           7   288.63633364655493     
          34           8   302.72724270479762     
          34           9   315.90906084964467     
          34          10   328.18178808152311     
          34          11   339.54542440089403     
          34          12   349.99996980824631     
          34          13   359.54542430408787     
          34          14   368.18178788894124     
          34          15   375.90906056333529     
          34          16   382.72724232779979     
          34          17   388.63633318286088     
          34          18   393.63633312903426     
          34          19   397.72724216682150     
          34          20   400.90906029670646     
          34          21   403.18178751915161     
          34          22   404.54542383459534     
          34          23   404.99996924344828     
          34          24   404.54542374609377     
          34          25   403.18178734288381     
          34          26   400.90906003413988     
          34          27   397.72724182015077     
          34          28   393.63633270117111     
          34          29   388.63633267742330     
          34          30   382.72724174909558     
          34          31   375.90905991634168     
          34          32   368.18178717928026     
          34          33   359.54542353799729     
          34          34   349.99996899254279     
