           1           1   3.7000000476837158     
           1           2   3.7000000476837158     
           1           3   3.7000000476837158     
           1           4   3.7000000476837158     
           1           5   3.7000000476837158     
           1           6   3.7000000476837158     
           1           7   3.7000000476837158     
           1           8   3.7000000476837158     
           1           9   3.7000000476837158     
           1          10   3.7000000476837158     
           1          11   3.7000000476837158     
           1          12   3.7000000476837158     
           1          13   3.7000000476837158     
           1          14   3.7000000476837158     
           1          15   3.7000000476837158     
           1          16   3.7000000476837158     
           1          17   3.7000000476837158     
           1          18   3.7000000476837158     
           1          19   3.7000000476837158     
           1          20   3.7000000476837158     
           1          21   3.7000000476837158     
           1          22   3.7000000476837158     
           1          23   3.7000000476837158     
           1          24   3.7000000476837158     
           1          25   3.7000000476837158     
           1          26   3.7000000476837158     
           1          27   3.7000000476837158     
           1          28   3.7000000476837158     
           1          29   3.7000000476837158     
           1          30   3.7000000476837158     
           1          31   3.7000000476837158     
           1          32   3.7000000476837158     
           1          33   3.7000000476837158     
           1          34   3.7000000476837158     
           2           1   3.6000000461935997     
           2           2   3.5998868846146683     
           2           3   3.5997757680612601     
           2           4   3.5996676819436217     
           2           5   3.5995635753977981     
           2           6   3.5994643530408008     
           2           7   3.5993708672018649     
           2           8   3.5992839106956089     
           2           9   3.5992042101974433     
           2          10   3.5991324202756245     
           2          11   3.5990691181279515     
           2          12   3.5990147990643329     
           2          13   3.5989698727693660     
           2          14   3.5989346603717411     
           2          15   3.5989093923397690     
           2          16   3.5988942072147028     
           2          17   3.5988891511858734     
           2          18   3.5988941785040121     
           2          19   3.5989091527215846     
           2          20   3.5989338487416171     
           2          21   3.5989679556493002     
           2          22   3.5990110802938493     
           2          23   3.5990627515815645     
           2          24   3.5991224254349548     
           2          25   3.5991894903671460     
           2          26   3.5992632736156889     
           2          27   3.5993430477752764     
           2          28   3.5994280378649228     
           2          29   3.5995174287617737     
           2          30   3.5996103729310009     
           2          31   3.5997059983791786     
           2          32   3.5998034167571551     
           2          33   3.5999017315377522     
           2          34   3.6000000461935997     
           3           1   3.5000000447034836     
           3           2   3.4997757671703336     
           3           3   3.4995555427132299     
           3           4   3.4993413243413305     
           3           5   3.4991349931710460     
           3           6   3.4989383420853479     
           3           7   3.4987530603366666     
           3           8   3.4985807192238023     
           3           9   3.4984227589624699     
           3          10   3.4982804768572664     
           3          11   3.4981550168702111     
           3          12   3.4980473606675480     
           3          13   3.4979583202124882     
           3          14   3.4978885319570270     
           3          15   3.4978384526710795     
           3          16   3.4978083569320733     
           3          17   3.4977983362829539     
           3          18   3.4978083000514015     
           3          19   3.4978379778081456     
           3          20   3.4978869234276191     
           3          21   3.4979545207000315     
           3          22   3.4980399904303798     
           3          23   3.4981423989469898     
           3          24   3.4982606679301389     
           3          25   3.4983935854601231     
           3          26   3.4985398181739811     
           3          27   3.4986979244110255     
           3          28   3.4988663682194252     
           3          29   3.4990435340894130     
           3          30   3.4992277422733054     
           3          31   3.4994172645484345     
           3          32   3.4996103402763694     
           3          33   3.4998051926104319     
           3          34   3.5000000447034836     
           4           1   3.4000000432133675     
           4           2   3.3996676813063011     
           4           3   3.3993413257271103     
           4           4   3.3990238706870284     
           4           5   3.3987181038577994     
           4           6   3.3984266821559421     
           4           7   3.3981521089253413     
           4           8   3.3978967127114728     
           4           9   3.3976626278045079     
           4          10   3.3974517767110566     
           4          11   3.3972658546955325     
           4          12   3.3971063165122093     
           4          13   3.3969743654282634     
           4          14   3.3968709446165279     
           4          15   3.3967967309746454     
           4          16   3.3967521314048970     
           4          17   3.3967372815664922     
           4          18   3.3967520470896595     
           4          19   3.3967960272187412     
           4          20   3.3968685608298328     
           4          21   3.3969687347475030     
           4          22   3.3970953942650213     
           4          23   3.3972471557534005     
           4          24   3.3974224212266755     
           4          25   3.3976193947142934     
           4          26   3.3978361002764350     
           4          27   3.3980704014846523     
           4          28   3.3983200221785079     
           4          29   3.3985825682990041     
           4          30   3.3988555505916049     
           4          31   3.3991364079656203     
           4          32   3.3994225312926574     
           4          33   3.3997112874248296     
           4          34   3.4000000432133675     
           5           1   3.3000000417232513     
           5           2   3.2995635766269267     
           5           3   3.2991349991456800     
           5           4   3.2987181100269605     
           5           5   3.2983165701082848     
           5           6   3.2979338685164468     
           5           7   3.2975732927030568     
           5           8   3.2972379005702672     
           5           9   3.2969304949194571     
           5          10   3.2966536004326734     
           5          11   3.2964094433719642     
           5          12   3.2961999341556107     
           5          13   3.2960266529429476     
           5          14   3.2958908383311631     
           5          15   3.2957933792385217     
           5          16   3.2957348100190114     
           5          17   3.2957153088238917     
           5          18   3.2957346991961392     
           5          19   3.2957924548547166     
           5          20   3.2958877075971444     
           5          21   3.2960192582212686     
           5          22   3.2961855903407145     
           5          23   3.2963848869434051     
           5          24   3.2966150495190365     
           5          25   3.2968737195596796     
           5          26   3.2971583022178930     
           5          27   3.2974659918891107     
           5          28   3.2977937994696811     
           5          29   3.2981385810289598     
           5          30   3.2984970676233631     
           5          31   3.2988658959723498     
           5          32   3.2992416397110014     
           5          33   3.2996208409311856     
           5          34   3.3000000417232513     
           6           1   3.2000000402331352     
           6           2   3.1994643581209239     
           6           3   3.1989383565877514     
           6           4   3.1984267003708413     
           6           5   3.1979338824935168     
           6           6   3.1974641852352801     
           6           7   3.1970216433556775     
           6           8   3.1966100098835142     
           6           9   3.1962327247571043     
           6          10   3.1958928865730556     
           6          11   3.1955932276708050     
           6          12   3.1953360927480530     
           6          13   3.1951234211687245     
           6          14   3.1949567330903541     
           6          15   3.1948371195022416     
           6          16   3.1947652362296211     
           6          17   3.1947413019228192     
           6          18   3.1947651000142296     
           6          19   3.1948359845902141     
           6          20   3.1949528900901507     
           6          21   3.1951143447110075     
           6          22   3.1953184873633669     
           6          23   3.1955630879940582     
           6          24   3.1958455710617115     
           6          25   3.1961630419248626     
           6          26   3.1965123158780031     
           6          27   3.1968899495493153     
           6          28   3.1972922743549361     
           6          29   3.1977154316887151     
           6          30   3.1981554095134972     
           6          31   3.1986080800102683     
           6          32   3.1990692379349603     
           6          33   3.1995346393294359     
           6          34   3.2000000402331352     
           7           1   3.1000000387430191     
           7           2   3.0993708783773046     
           7           3   3.0987530878208887     
           7           4   3.0981521458299626     
           7           5   3.0975733294826870     
           7           6   3.0970216683381859     
           7           7   3.0965019012426462     
           7           8   3.0960184361484546     
           7           9   3.0955753132819148     
           7          10   3.0951761719619766     
           7          11   3.0948242213368502     
           7          12   3.0945222152677077     
           7          13   3.0942724315492960     
           7          14   3.0940766556165098     
           7          15   3.0939361688441922     
           7          16   3.0938517415050590     
           7          17   3.0938236304080187     
           7          18   3.0938515811967111     
           7          19   3.0939348352461473     
           7          20   3.0940721410543408     
           7          21   3.0942617699860877     
           7          22   3.0945015361879200     
           7          23   3.0947888204571448     
           7          24   3.0951205978139718     
           7          25   3.0954934684944275     
           7          26   3.0959036920532723     
           7          27   3.0963472242406906     
           7          28   3.0968197562943836     
           7          29   3.0973167562699673     
           7          30   3.0978335120174663     
           7          31   3.0983651754002590     
           7          32   3.0989068073451640     
           7          33   3.0994534233085158     
           7          34   3.1000000387430191     
           8           1   3.0000000372529030     
           8           2   2.9992839303479726     
           8           3   2.9985807644174933     
           8           4   2.9978967753606973     
           8           5   2.9972379695287099     
           8           6   2.9966100715482944     
           8           7   2.9960184751585315     
           8           8   2.9954681974769528     
           8           9   2.9949638370770395     
           8          10   2.9945095362213241     
           8          11   2.9941089475538338     
           8          12   2.9937652055127710     
           8          13   2.9934809026794755     
           8          14   2.9932580712333090     
           8          15   2.9930981696345613     
           8          16   2.9930020746092234     
           8          17   2.9929700784609876     
           8          18   2.9930018916874825     
           8          19   2.9930966508300574     
           8          20   2.9932529314397365     
           8          21   2.9934687659967554     
           8          22   2.9937416665777050     
           8          23   2.9940686520231639     
           8          24   2.9944462793201581     
           8          25   2.9948706788781214     
           8          26   2.9953375933446145     
           8          27   2.9958424195781292     
           8          28   2.9963802533700603     
           8          29   2.9969459364866600     
           8          30   2.9975341055845499     
           8          31   2.9981392425403781     
           8          32   2.9987557257264754     
           8          33   2.9993778817599859     
           8          34   3.0000000372529030     
           9           1   2.9000000357627869     
           9           2   2.8992042407176055     
           9           3   2.8984228266144507     
           9           4   2.8976627232915142     
           9           5   2.8969306054958279     
           9           6   2.8962328349005366     
           9           7   2.8955754054704057     
           9           8   2.8949638926384260     
           9           9   2.8944034067179691     
           9          10   2.8938985509329926     
           9          11   2.8934533844038768     
           9          12   2.8930713903787986     
           9          13   2.8927554499507315     
           9          14   2.8925078214485884     
           9          15   2.8923301256381917     
           9          16   2.8922233368151264     
           9          17   2.8921877798176463     
           9          18   2.8922231329340882     
           9          19   2.8923284366262267     
           9          20   2.8925021079381290     
           9          21   2.8927419604098148     
           9          22   2.8930452292668254     
           9          23   2.8934086016110871     
           9          24   2.8938282512956004     
           9          25   2.8942998781258780     
           9          26   2.8948187509950318     
           9          27   2.8953797545272337     
           9          28   2.8959774387762600     
           9          29   2.8966060715021666     
           9          30   2.8972596925299983     
           9          31   2.8979321696800042     
           9          32   2.8986172557491212     
           9          33   2.8993086460186226     
           9          34   2.9000000357627869     
          10           1   2.8000000342726707     
          10           2   2.7991324639353383     
          10           3   2.7982805714843502     
          10           4   2.7974519117935746     
          10           5   2.7966537616394795     
          10           6   2.7958930564883975     
          10           7   2.7951763309340389     
          10           8   2.7945096632898720     
          10           9   2.7938986247990885     
          10          10   2.7933482338791951     
          10          11   2.7928629157692288     
          10          12   2.7924464678956658     
          10          13   2.7921020312187657     
          10          14   2.7918320677648656     
          10          15   2.7916383444925352     
          10          16   2.7915219235820583     
          10          17   2.7914831591789340     
          10          18   2.7915217005635471     
          10          19   2.7916365016613467     
          10          20   2.7918258367513165     
          10          21   2.7920873221757478     
          10          22   2.7924179438017611     
          10          23   2.7928140899351859     
          10          24   2.7932715893407072     
          10          25   2.7937857539789763     
          10          26   2.7943514260321463     
          10          27   2.7949630287541840     
          10          28   2.7956146206518073     
          10          29   2.7962999524760548     
          10          30   2.7970125264836803     
          10          31   2.7977456574117725     
          10          32   2.7984925345984704     
          10          33   2.7992462846773072     
          10          34   2.8000000342726707     
          11           1   2.7000000327825546     
          11           2   2.6990691769561472     
          11           3   2.6981551425132402     
          11           4   2.6972660354356393     
          11           5   2.6964096633232435     
          11           6   2.6955934675698234     
          11           7   2.6948244594553357     
          11           8   2.6941091606962138     
          11           9   2.6934535489501163     
          11          10   2.6928630087225898     
          11          11   2.6923422880704995     
          11          12   2.6918954614413524     
          11          13   2.6915258989293447     
          11          14   2.6912362421686309     
          11          15   2.6910283870225307     
          11          16   2.6909034731646315     
          11          17   2.6908618805847389     
          11          18   2.6909032329897706     
          11          19   2.6910264080076773     
          11          20   2.6912295540418087     
          11          21   2.6915101135643349     
          11          22   2.6918648525809843     
          11          23   2.6922898959458448     
          11          24   2.6927807681548996     
          11          25   2.6933324392005931     
          11          26   2.6939393750276137     
          11          27   2.6945955920924494     
          11          28   2.6952947154964924     
          11          29   2.6960300401348016     
          11          30   2.6967945942802389     
          11          31   2.6975812050058146     
          11          32   2.6983825648367201     
          11          33   2.6991912990178539     
          11          34   2.7000000327825546     
          12           1   2.6000000312924385     
          12           2   2.5990148747329065     
          12           3   2.5980475206661002     
          12           4   2.5971065479435782     
          12           5   2.5962002196308425     
          12           6   2.5953364112262189     
          12           7   2.5945225430247643     
          12           8   2.5937655172002327     
          12           9   2.5930716601305419     
          12          10   2.5924466704403222     
          12          11   2.5918955731784199     
          12          12   2.5914226804892735     
          12          13   2.5910315590753723     
          12          14   2.5907250046841579     
          12          15   2.5905050237873324     
          12          16   2.5903728225541336     
          12          17   2.5903288031534362     
          12          18   2.5903725673530253     
          12          19   2.5905029273187630     
          12          20   2.5907179234521491     
          12          21   2.5910148490425562     
          12          22   2.5913902814507677     
          12          23   2.5918401194838356     
          12          24   2.5923596265682449     
          12          25   2.5929434792793260     
          12          26   2.5935858207402771     
          12          27   2.5942803183643250     
          12          28   2.5950202253788888     
          12          29   2.5957984455412944     
          12          30   2.5966076004319310     
          12          31   2.5974400986928385     
          12          32   2.5982882065677257     
          12          33   2.5991441190933897     
          12          34   2.6000000312924385     
          13           1   2.5000000298023224     
          13           2   2.4989699664928082     
          13           3   2.4979585170068277     
          13           4   2.4969746512635043     
          13           5   2.4960270090032362     
          13           6   2.4951238247340988     
          13           7   2.4942728570122430     
          13           8   2.4934813226554406     
          13           9   2.4927558364391889     
          13          10   2.4921023567705340     
          13          11   2.4915261377765558     
          13          12   2.4910316881827761     
          13          13   2.4906227372922585     
          13          14   2.4903022083093971     
          13          15   2.4900721991839978     
          13          16   2.4899339710818476     
          13          17   2.4898879445182116     
          13          18   2.4899337031211513     
          13          19   2.4900700049229449     
          13          20   2.4902948010107409     
          13          21   2.4906052613025222     
          13          22   2.4909978071520893     
          13          23   2.4914681504275693     
          13          24   2.4920113386525222     
          13          25   2.4926218057474414     
          13          26   2.4932934278628127     
          13          27   2.4940195837532775     
          13          28   2.4947932191061706     
          13          29   2.4956069142070914     
          13          30   2.4964529543003913     
          13          31   2.4973234019837736     
          13          32   2.4982101709636546     
          13          33   2.4991051004916294     
          13          34   2.5000000298023224     
          14           1   2.4000000283122063     
          14           2   2.3989347728243740     
          14           3   2.3978887669247113     
          14           4   2.3968712870055411     
          14           5   2.3958912680019671     
          14           6   2.3949572257735943     
          14           7   2.3940771839683412     
          14           8   2.3932586059879597     
          14           9   2.3925083326234651     
          14          10   2.3918325258725570     
          14          11   2.3912366193908992     
          14          12   2.3907252759653570     
          14          13   2.3903023523305600     
          14          14   2.3899708715811352     
          14          15   2.3897330033612025     
          14          16   2.3895900519409565     
          14          17   2.3895424522180027     
          14          18   2.3895897736092189     
          14          19   2.3897307317279246     
          14          20   2.3899632076717228     
          14          21   2.3902842746790913     
          14          22   2.3906902318482977     
          14          23   2.3911766445510034     
          14          24   2.3917383911155792     
          14          25   2.3923697153021348     
          14          26   2.3930642840430498     
          14          27   2.3938152498797334     
          14          28   2.3946153174888529     
          14          29   2.3954568136595933     
          14          30   2.3963317600579002     
          14          31   2.3972319480943307     
          14          32   2.3981490151991620     
          14          33   2.3990745218018956     
          14          34   2.4000000283122063     
          15           1   2.3000000268220901     
          15           2   2.2989095235936352     
          15           3   2.2978387260042332     
          15           4   2.2967971303228398     
          15           5   2.2957938832704783     
          15           6   2.2948377025618423     
          15           7   2.2939368020352306     
          15           8   2.2930988220051356     
          15           9   2.2923307654191598     
          15          10   2.2916389403434856     
          15          11   2.2910289092394756     
          15          12   2.2905054454287099     
          15          13   2.2900724970754385     
          15          14   2.2897331589447791     
          15          15   2.2894896521225441     
          15          16   2.2893433118091289     
          15          17   2.2892945832260052     
          15          18   2.2893430255997789     
          15          19   2.2894873241160898     
          15          20   2.2897253096645795     
          15          21   2.2900539861272518     
          15          22   2.2904695648965410     
          15          23   2.2909675062467318     
          15          24   2.2915425671236749     
          15          25   2.2921888548634772     
          15          26   2.2928998863014716     
          15          27   2.2936686516887104     
          15          28   2.2944876827948382     
          15          29   2.2953491245437800     
          15          30   2.2962448095024648     
          15          31   2.2971663345230153     
          15          32   2.2981051388255556     
          15          33   2.2990525828021244     
          15          34   2.3000000268220901     
          16           1   2.2000000253319740     
          16           2   2.1988943567003494     
          16           3   2.1978086675597286     
          16           4   2.1967525862577615     
          16           5   2.1957353867353513     
          16           6   2.1947659079627639     
          16           7   2.1938524780278836     
          16           8   2.1930028435197846     
          16           9   2.1922241047973792     
          16          10   2.1915226576746725     
          16          11   2.1909041419916346     
          16          12   2.1903733974735240     
          16          13   2.1899344272122225     
          16          14   2.1895903690314924     
          16          15   2.1893434749246259     
          16          16   2.1891950986784829     
          16          17   2.1891456917229775     
          16          18   2.1891948071704914     
          16          19   2.1893411119359802     
          16          20   2.1895824067564993     
          16          21   2.1899156538590390     
          16          22   2.1903370119585985     
          16          23   2.1908418782049148     
          16          24   2.1914249366367344     
          16          25   2.1920802126474981     
          16          26   2.1928011329162498     
          16          27   2.1935805902129184     
          16          28   2.1944110124481826     
          16          29   2.1952844353052754     
          16          30   2.1961925777644935     
          16          31   2.1971269198111236     
          16          32   2.1980787816040315     
          16          33   2.1990394033753935     
          16          34   2.2000000253319740     
          17           1   2.1000000238418579     
          17           2   2.0988893176773793     
          17           3   2.0977986818411272     
          17           4   2.0967377885644605     
          17           5   2.0957159540595893     
          17           6   2.0947420575881379     
          17           7   2.0938244652030709     
          17           8   2.0929709588100782     
          17           9   2.0921886711408835     
          17          10   2.0914840271724326     
          17          11   2.0908626924631171     
          17          12   2.0903295288107011     
          17          13   2.0898885575670390     
          17          14   2.0895429308726765     
          17          15   2.0892949110006724     
          17          16   2.0891458579241364     
          17          17   2.0890962251467302     
          17          18   2.0891455637604266     
          17          19   2.0892925346208009     
          17          20   2.0895349284577387     
          17          21   2.0898696936693018     
          17          22   2.0902929714792293     
          17          23   2.0908001380747443     
          17          24   2.0913858532815399     
          17          25   2.0920441152775564     
          17          26   2.0927683207968690     
          17          27   2.0935513302301403     
          17          28   2.0943855369889901     
          17          29   2.0952629404686114     
          17          30   2.0961752219162708     
          17          31   2.0971138224931720     
          17          32   2.0980700228036442     
          17          33   2.0990350231588151     
          17          34   2.1000000238418579     
          18           1   2.0000000223517418     
          18           2   1.9988943601287019     
          18           3   1.9978086769017873     
          18           4   1.9967526009945684     
          18           5   1.9957354063305111     
          18           6   1.9947659318685902     
          18           7   1.9938525056910552     
          18           8   1.9930028743865158     
          18           9   1.9922241383181327     
          18          10   1.9915226933084549     
          18          11   1.9909041792099245     
          18          12   1.9903734357638865     
          18          13   1.9899344660816622     
          18          14   1.9895904080095916     
          18          15   1.9893435135665110     
          18          16   1.9891951365676406     
          18          17   1.9891457284739431     
          18          18   1.9891948424314025     
          18          19   1.9893411453909868     
          18          20   1.9895824381280025     
          18          21   1.9899156829097187     
          18          22   1.9903370384931838     
          18          23   1.9908419020716401     
          18          24   1.9914249577284262     
          18          25   1.9920802309022272     
          18          26   1.9928011483174957     
          18          27   1.9935806027891920     
          18          28   1.9944110222720637     
          18          29   1.9952844424918250     
          18          30   1.9961925824690228     
          18          31   1.9971269222263053     
          18          32   1.9980787819563517     
          18          33   1.9990394019209643     
          18          34   2.0000000223517418     
          19           1   1.9000000208616257     
          19           2   1.8989093469939704     
          19           3   1.8978383811045092     
          19           4   1.8967966210105394     
          19           5   1.8957932149357311     
          19           6   1.8948368820374188     
          19           7   1.8939358375229773     
          19           8   1.8930977229897539     
          19           9   1.8923295425703532     
          19          10   1.8916376054076174     
          19          11   1.8910274749219822     
          19          12   1.8905039252685780     
          19          13   1.8900709053131231     
          19          14   1.8897315103849543     
          19          15   1.8894879619931140     
          19          16   1.8893415956178998     
          19          17   1.8892928566164202     
          19          18   1.8893413042070666     
          19          19   1.8894856234251469     
          19          20   1.8897236448708341     
          19          21   1.8900523720017077     
          19          22   1.8904680156561162     
          19          23   1.8909660354309374     
          19          24   1.8915411874785977     
          19          25   1.8921875782339392     
          19          26   1.8928987235321628     
          19          27   1.8936676125349994     
          19          28   1.8944867758438759     
          19          29   1.8953483571464187     
          19          30   1.8962441877164253     
          19          31   1.8971658630676398     
          19          32   1.8981048210483886     
          19          33   1.8990524206574724     
          19          34   1.9000000208616257     
          20           1   1.8000000193715096     
          20           2   1.7989340526202147     
          20           3   1.7978873472272463     
          20           4   1.7968691858696568     
          20           5   1.7958885095523855     
          20           6   1.7949538399354221     
          20           7   1.7940732061460907     
          20           8   1.7932540766965697     
          20           9   1.7925032970752772     
          20          10   1.7918270335246025     
          20          11   1.7912307234571863     
          20          12   1.7907190328991311     
          20          13   1.7902958212817257     
          20          14   1.7899641138341846     
          20          15   1.7897260817590945     
          20          16   1.7895830303004316     
          20          17   1.7895353947418056     
          20          18   1.7895827443006298     
          20          19   1.7897237938129025     
          20          20   1.7899564230337837     
          20          21   1.7902777033118644     
          20          22   1.7906839313304510     
          20          23   1.7911706695479670     
          20          24   1.7917327929121871     
          20          25   1.7923645413699827     
          20          26   1.7930595776460032     
          20          27   1.7938110497206585     
          20          28   1.7946116574002420     
          20          29   1.7954537223403442     
          20          30   1.7963292608580930     
          20          31   1.7972300588494035     
          20          32   1.7981477481144474     
          20          33   1.7990738833880311     
          20          34   1.8000000193715096     
          21           1   1.7000000178813934     
          21           2   1.6989681656141817     
          21           3   1.6979549581160109     
          21           4   1.6969693810009008     
          21           5   1.6960200891474440     
          21           6   1.6951153315113623     
          21           7   1.6942628802796245     
          21           8   1.6934699649664124     
          21           9   1.6927432120013903     
          21          10   1.6920885903063709     
          21          11   1.6915113632981253     
          21          12   1.6910160476932872     
          21          13   1.6906063794266504     
          21          14   1.6902852869272720     
          21          15   1.6900548719282531     
          21          16   1.6899163979165435     
          21          17   1.6898702862592023     
          21          18   1.6899161199729171     
          21          19   1.6900526550348167     
          21          20   1.6902778390653608     
          21          21   1.6905888371489355     
          21          22   1.6909820644952971     
          21          23   1.6914532255857249     
          21          24   1.6919973593922184     
          21          25   1.6926088902067153     
          21          26   1.6932816835706173     
          21          27   1.6940091067532128     
          21          28   1.6947840931912792     
          21          29   1.6955992102714543     
          21          30   1.6964467298121864     
          21          31   1.6973187005833206     
          21          32   1.6982070221888321     
          21          33   1.6991035196318909     
          21          34   1.7000000178813934     
          22           1   1.6000000163912773     
          22           2   1.5990112924420621     
          22           3   1.5980404338190719     
          22           4   1.5970960505770164     
          22           5   1.5961864358608708     
          22           6   1.5953194938606847     
          22           7   1.5945026719264399     
          22           8   1.5937428974181866     
          22           9   1.5930465198189370     
          22          10   1.5924192585856987     
          22          11   1.5918661571581145     
          22          12   1.5913915434849442     
          22          13   1.5909989973666852     
          22          14   1.5906913248485102     
          22          15   1.5904705398320458     
          22          16   1.5903378530078784     
          22          17   1.5902936681436957     
          22          18   1.5903375856962358     
          22          19   1.5904684136493428     
          22          20   1.5906841854159715     
          22          21   1.5909821845795635     
          22          22   1.5913589761903379     
          22          23   1.5918104442752428     
          22          24   1.5923318351671019     
          22          25   1.5929178062092935     
          22          26   1.5935624793475514     
          22          27   1.5942594990805270     
          22          28   1.5950020942059711     
          22          29   1.5957831427699711     
          22          30   1.5965952396029399     
          22          31   1.5974307658080760     
          22          32   1.5982819595559805     
          22          33   1.5991409875330587     
          22          34   1.6000000163912773     
          23           1   1.5000000149011612     
          23           2   1.4990629617369660     
          23           3   1.4981428401238888     
          23           4   1.4972478101653728     
          23           5   1.4963857316187608     
          23           6   1.4955640956148706     
          23           7   1.4947899603201269     
          23           8   1.4940698910864687     
          23           9   1.4934099055890013     
          23          10   1.4928154244019676     
          23          11   1.4922912274105937     
          23          12   1.4918414164002263     
          23          13   1.4914693841054569     
          23          14   1.4911777899411709     
          23          15   1.4909685425752222     
          23          16   1.4908427894392910     
          23          17   1.4908009132109914     
          23          18   1.4908425352370687     
          23          19   1.4909665258050659     
          23          20   1.4911710211097891     
          23          21   1.4914534467017087     
          23          22   1.4918105471477090     
          23          23   1.4922384215807623     
          23          24   1.4927325647646712     
          23          25   1.4932879132534151     
          23          26   1.4938988961822002     
          23          27   1.4945594901894927     
          23          28   1.4952632779363144     
          23          29   1.4960035096612245     
          23          30   1.4967731671868862     
          23          31   1.4975650297770855     
          23          32   1.4983717412316337     
          23          33   1.4991858776008375     
          23          34   1.5000000149011612     
          24           1   1.4000000134110451     
          24           2   1.3991226292685686     
          24           3   1.3982610984064370     
          24           4   1.3974230613237171     
          24           5   1.3966158773005999     
          24           6   1.3958465604655910     
          24           7   1.3951217195540402     
          24           8   1.3944475018686282     
          24           9   1.3938295419100282     
          24          10   1.3932729150996734     
          24          11   1.3927820969668776     
          24          12   1.3923609281199829     
          24          13   1.3920125852662089     
          24          14   1.3917395584879977     
          24          15   1.3915436349253711     
          24          16   1.3914258889546960     
          24          17   1.3913866788948122     
          24          18   1.3914256502122733     
          24          19   1.3915417451389707     
          24          20   1.3917332185582474     
          24          21   1.3919976599601929     
          24          22   1.3923320212136865     
          24          23   1.3927326498523618     
          24          24   1.3931953275244453     
          24          25   1.3937153132127680     
          24          26   1.3942873907915485     
          24          27   1.3949059204511105     
          24          28   1.3955648934908180     
          24          29   1.3962579899544281     
          24          30   1.3969786385609662     
          24          31   1.3977200783682631     
          24          32   1.3984754215955624     
          24          33   1.3992377170261685     
          24          34   1.4000000134110451     
          25           1   1.3000000119209290     
          25           2   1.2991896835238772     
          25           3   1.2983939966917384     
          25           4   1.2976200079908371     
          25           5   1.2968745142636529     
          25           6   1.2961639935818516     
          25           7   1.2954945496082555     
          25           8   1.2948718598395863     
          25           9   1.2943011281625563     
          25          10   1.2937870421130326     
          25          11   1.2933337351820720     
          25          12   1.2929447544640327     
          25          13   1.2926230338911859     
          25          14   1.2923708732467138     
          25          15   1.2921899230941662     
          25          16   1.2920811757068498     
          25          17   1.2920449620257324     
          25          18   1.2920809546197591     
          25          19   1.2921881765684766     
          25          20   1.2923650161340603     
          25          21   1.2926092470386663     
          25          22   1.2929180541139593     
          25          23   1.2932880640431352     
          25          24   1.2937153808721407     
          25          25   1.2941956259264789     
          25          26   1.2947239817333362     
          25          27   1.2952952395160340     
          25          28   1.2959038497993018     
          25          29   1.2965439756397965     
          25          30   1.2972095479767907     
          25          31   1.2978943225832102     
          25          32   1.2985919380872231     
          25          33   1.2992959745294776     
          25          34   1.3000000119209290     
          26           1   1.2000000104308128     
          26           2   1.1992634518431564     
          26           3   1.1985402018146254     
          26           4   1.1978366745076010     
          26           5   1.1971590480083290     
          26           6   1.1965132106547942     
          26           7   1.1959047104627796     
          26           8   1.1953387080794622     
          26           9   1.1948199336579353     
          26          10   1.1943526480069124     
          26          11   1.1939406083280499     
          26          12   1.1935870388091530     
          26          13   1.1932946062953858     
          26          14   1.1930654012128670     
          26          15   1.1929009238701409     
          26          16   1.1928020762133766     
          26          17   1.1927691590612768     
          26          18   1.1928018747959557     
          26          19   1.1928993354369777     
          26          20   1.1930600759777388     
          26          21   1.1932820728168667     
          26          22   1.1935627670727167     
          26          23   1.1938990925267325     
          26          24   1.1942875079018078     
          26          25   1.1947240331451430     
          26          26   1.1952042893517723     
          26          27   1.1957235419352057     
          26          28   1.1962767466257265     
          26          29   1.1968585978550257     
          26          30   1.1974635790681485     
          26          31   1.1980860144903240     
          26          32   1.1987201218671046     
          26          33   1.1993600656914334     
          26          34   1.2000000104308128     
          27           1   1.1000000089406967     
          27           2   1.0993432070507276     
          27           3   1.0986982725611227     
          27           4   1.0980709250909324     
          27           5   1.0974666737513521     
          27           6   1.0968907692838799     
          27           7   1.0963481589607498     
          27           8   1.0958434446313716     
          27           9   1.0953808442657187     
          27          10   1.0949641573104252     
          27          11   1.0945967341360103     
          27          12   1.0942814498143199     
          27          13   1.0940206824241765     
          27          14   1.0938162960406996     
          27          15   1.0936696285201748     
          27          16   1.0935814841481113     
          27          17   1.0935521311736471     
          27          18   1.0935813042091298     
          27          19   1.0936682114299459     
          27          20   1.0938115464668592     
          27          21   1.0940095048416487     
          27          22   1.0942598047570646     
          27          23   1.0945597120143944     
          27          24   1.0949060687965948     
          27          25   1.0952953260222640     
          27          26   1.0957235789460329     
          27          27   1.0961866056544467     
          27          28   1.0966799080833365     
          27          29   1.0971987551632261     
          27          30   1.0977382276835874     
          27          31   1.0982932644548555     
          27          32   1.0988587093389257     
          27          33   1.0994293587142683     
          27          34   1.1000000089406967     
          28           1   1.0000000074505806     
          28           2  0.99942817451678057     
          28           3  0.99886667366349413     
          28           4  0.99832048457213407     
          28           5  0.99779440365877237     
          28           6  0.99729300239998697     
          28           7  0.99682058806399421     
          28           8  0.99638116718234593     
          28           9  0.99597841206742643     
          28          10  0.99561563065010750     
          28          11  0.99529573987957742     
          28          12  0.99502124289329386     
          28          13  0.99479421012935443     
          28          14  0.99461626451660434     
          28          15  0.99448857083988440     
          28          16  0.99441182933931072     
          28          17  0.99438627356375187     
          28          18  0.99441167246007267     
          28          19  0.99448733664161937     
          28          20  0.99461212874213645     
          28          21  0.99478447772521073     
          28          22  0.99500239698469906     
          28          23  0.99526350603875691     
          28          24  0.99556505558930986     
          28          25  0.99590395569036883     
          28          26  0.99627680674272245     
          28          27  0.99667993300948232     
          28          28  0.99710941832689104     
          28          29  0.99756114366792226     
          28          30  0.99803082620263484     
          28          31  0.99851405948905392     
          28          32  0.99900635442139585     
          28          33  0.99950318055821297     
          28          34   1.0000000074505806     
          29           1  0.90000000596046448     
          29           2  0.89951753958373670     
          29           3  0.89904379051608441     
          29           4  0.89858296020162209     
          29           5  0.89813909547832493     
          29           6  0.89771605340555183     
          29           7  0.89731746812529312     
          29           8  0.89694672003988152     
          29           9  0.89660690756168671     
          29          10  0.89630082166488956     
          29          11  0.89603092344289015     
          29          12  0.89579932484658664     
          29          13  0.89560777274884262     
          29          14  0.89545763644933729     
          29          15  0.89534989870200032     
          29          16  0.89528515031474309     
          29          17  0.89526358833851016     
          29          18  0.89528501783011460     
          29          19  0.89534885714115997     
          29          20  0.89545414665390644     
          29          21  0.89559956085446935     
          29          22  0.89578342360451857     
          29          23  0.89600372644493209     
          29          24  0.89625814973889206     
          29          25  0.89654408643790151     
          29          26  0.89685866823238158     
          29          27  0.89719879382903844     
          29          28  0.89756115908027867     
          29          29  0.89794228867676784     
          29          30  0.89833856910295395     
          29          31  0.89874628254720657     
          29          32  0.89916164145309752     
          29          33  0.89958082339540291     
          29          34  0.90000000596046448     
          30           1  0.80000000447034836     
          30           2  0.79961045528992181     
          30           3  0.79922794447493573     
          30           4  0.79885586431448874     
          30           5  0.79849748230027107     
          30           6  0.79815591269930719     
          30           7  0.79783408978712578     
          30           8  0.79753474296018212     
          30           9  0.79726037392754134     
          30          10  0.79701323616520059     
          30          11  0.79679531679680815     
          30          12  0.79660832104226231     
          30          13  0.79645365935163803     
          30          14  0.79633243731675174     
          30          15  0.79624544842680534     
          30          16  0.79619316970828857     
          30          17  0.79617576026291392     
          30          18  0.79619306269104539     
          30          19  0.79624460736211855     
          30          20  0.79632961946815173     
          30          21  0.79644702877184148     
          30          22  0.79659548193714258     
          30          23  0.79677335730785148     
          30          24  0.79697878197873817     
          30          25  0.79720965098437691     
          30          26  0.79746364841319162     
          30          27  0.79773827023847876     
          30          28  0.79803084864449336     
          30          29  0.79833857761420646     
          30          30  0.79865853953638011     
          30          31  0.79898773258358713     
          30          32  0.79932309861048356     
          30          33  0.79966155132315619     
          30          34  0.80000000447034836     
          31           1  0.70000000298023224     
          31           2  0.69970605032695965     
          31           3  0.69941740860191448     
          31           4  0.69913663764475364     
          31           5  0.69886620316731363     
          31           6  0.69860845524339665     
          31           7  0.69836560810568393     
          31           8  0.69813972137185676     
          31           9  0.69793268283907794     
          31          10  0.69774619298370399     
          31          11  0.69758175129040523     
          31          12  0.69744064451812138     
          31          13  0.69732393699189654     
          31          14  0.69723246299047803     
          31          15  0.69716682127993168     
          31          16  0.69712737182365314     
          31          17  0.69711423467919509     
          31          18  0.69712729107246574     
          31          19  0.69716618662024765     
          31          20  0.69723033665282030     
          31          21  0.69731893356989461     
          31          22  0.69743095614526762     
          31          23  0.69756518067870554     
          31          24  0.69772019387772954     
          31          25  0.69789440733733832     
          31          26  0.69808607347234797     
          31          27  0.69829330274510393     
          31          28  0.69851408202087373     
          31          29  0.69874629387438958     
          31          30  0.69898773666399605     
          31          31  0.69923614518537680     
          31          32  0.69948921171719713     
          31          33  0.69974460728241006     
          31          34  0.70000000298023224     
          32           1  0.60000000149011612     
          32           2  0.59980343718498308     
          32           3  0.59961042371227324     
          32           4  0.59942267306845420     
          32           5  0.59924183424680799     
          32           6  0.59906947882380801     
          32           7  0.59890708749178301     
          32           8  0.59875603753086737     
          32           9  0.59861759131566283     
          32          10  0.59849288595537931     
          32          11  0.59838292415437278     
          32          12  0.59828856636661110     
          32          13  0.59821052430432098     
          32          14  0.59814935584783679     
          32          15  0.59810546139038534     
          32          16  0.59807908163817247     
          32          17  0.59807029687276558     
          32          18  0.59807902766946452     
          32          19  0.59810503705224205     
          32          20  0.59814793405300870     
          32          21  0.59820717863053929     
          32          22  0.59828208789248949     
          32          23  0.59837184355262951     
          32          24  0.59847550054482546     
          32          25  0.59859199670549679     
          32          26  0.59872016342731837     
          32          27  0.59885873717889171     
          32          28  0.59900637177795457     
          32          29  0.59916165129937848     
          32          30  0.59932310349352003     
          32          31  0.59948921358531626     
          32          32  0.59965843832139232     
          32          33  0.59982922014494966     
          32          34  0.60000000149011612     
          33           1  0.50000000000000000     
          33           2  0.49990172050871023     
          33           3  0.49980521456962707     
          33           4  0.49971133954067953     
          33           5  0.49962092027216343     
          33           6  0.49953474265210152     
          33           7  0.49945354705756423     
          33           8  0.49937802213913524     
          33           9  0.49930879908795262     
          33          10  0.49924644646000771     
          33          11  0.49919146560784916     
          33          12  0.49914428675835659     
          33          13  0.49910526576729414     
          33          14  0.49907468157434742     
          33          15  0.49905273437558090     
          33          16  0.49903954452352578     
          33          17  0.49903515215840594     
          33          18  0.49903951756735238     
          33          19  0.49905252226189833     
          33          20  0.49907397075763227     
          33          21  0.49910359303367702     
          33          22  0.49914104764370726     
          33          23  0.49918592544456603     
          33          24  0.49923775390324021     
          33          25  0.49929600193804691     
          33          26  0.49936008524538755     
          33          27  0.49942937205936166     
          33          28  0.49950318928782944     
          33          29  0.49958082896496681     
          33          30  0.49966155495619530     
          33          31  0.49974460984399438     
          33          32  0.49982922190293283     
          33          33  0.49991461200208670     
          33          34  0.50000000000000000     
          34           1  0.39999999850988388     
          34           2  0.40000000596046448     
          34           3  0.40000000596046448     
          34           4  0.40000000596046448     
          34           5  0.40000000596046448     
          34           6  0.40000000596046448     
          34           7  0.40000000596046448     
          34           8  0.40000000596046448     
          34           9  0.40000000596046448     
          34          10  0.40000000596046448     
          34          11  0.40000000596046448     
          34          12  0.40000000596046448     
          34          13  0.40000000596046448     
          34          14  0.40000000596046448     
          34          15  0.40000000596046448     
          34          16  0.40000000596046448     
          34          17  0.40000000596046448     
          34          18  0.40000000596046448     
          34          19  0.40000000596046448     
          34          20  0.40000000596046448     
          34          21  0.40000000596046448     
          34          22  0.40000000596046448     
          34          23  0.40000000596046448     
          34          24  0.40000000596046448     
          34          25  0.40000000596046448     
          34          26  0.40000000596046448     
          34          27  0.40000000596046448     
          34          28  0.40000000596046448     
          34          29  0.40000000596046448     
          34          30  0.40000000596046448     
          34          31  0.40000000596046448     
          34          32  0.40000000596046448     
          34          33  0.40000000596046448     
          34          34  0.39999999850988388     
